,Customer ID,Last Invoice,Last Bought Days,Recency Score,Transaction Count,Frequency Score,Total value,Monetary Score,Cluster
4,12350.0,2011-02-02 16:01:00,310,2,17,4,334.4,2,3
5,12351.0,2010-11-29 15:23:00,375,2,21,4,300.93,2,3
7,12353.0,2011-05-19 17:47:00,204,2,24,4,406.76,2,3
15,12361.0,2011-02-25 13:51:00,287,2,29,4,511.25,2,3
20,12366.0,2010-03-16 10:28:00,633,1,3,5,500.24,2,3
21,12367.0,2011-12-05 16:48:00,4,5,11,5,168.9,1,3
30,12376.0,2010-11-15 12:15:00,389,2,13,5,503.15,2,3
36,12382.0,2010-01-26 16:25:00,682,1,1,5,18.38,1,3
41,12387.0,2010-10-20 16:27:00,415,1,9,5,143.94,1,3
46,12392.0,2010-04-27 14:04:00,591,1,7,5,234.75000000000003,1,3
54,12400.0,2010-10-21 13:45:00,414,1,11,5,205.25,1,3
55,12401.0,2011-02-09 13:50:00,303,2,5,5,84.3,1,3
58,12404.0,2010-01-26 16:25:00,682,1,1,5,63.24,1,3
65,12411.0,2010-10-26 09:25:00,409,2,22,4,346.9,2,3
70,12416.0,2010-02-21 10:19:00,656,1,11,5,202.56,1,3
73,12419.0,2010-11-19 10:04:00,385,2,25,4,503.01,2,3
84,12430.0,2011-10-27 15:09:00,43,4,11,5,256.4,1,3
90,12436.0,2011-09-01 12:09:00,99,3,16,5,509.01,2,3
95,12441.0,2010-12-08 10:45:00,366,2,22,4,347.1,2,3
96,12442.0,2011-12-06 14:22:00,3,5,12,5,172.06,1,3
97,12443.0,2009-12-07 15:42:00,732,1,21,4,485.31,2,3
101,12447.0,2011-04-10 13:25:00,243,2,26,4,476.49,2,3
113,12459.0,2010-04-13 14:53:00,605,1,23,4,454.36,2,3
114,12460.0,2010-09-09 13:51:00,456,1,18,4,326.65,2,3
120,12466.0,2010-01-26 16:26:00,682,1,1,5,56.73,1,3
121,12467.0,2010-11-18 15:53:00,386,2,18,4,265.6,1,3
124,12470.0,2010-01-19 11:01:00,689,1,23,4,211.95,1,3
141,12487.0,2009-12-09 11:36:00,730,1,3,5,310.79999999999995,2,3
143,12489.0,2011-01-07 13:13:00,336,2,15,5,334.93,2,3
149,12495.0,2010-03-15 10:20:00,634,1,19,4,391.4,2,3
150,12496.0,2010-03-29 14:06:00,620,1,13,5,54.09,1,3
153,12499.0,2010-05-28 15:12:00,560,1,27,4,393.72,2,3
160,12506.0,2011-04-21 08:54:00,232,2,23,4,73.5,1,3
163,12509.0,2011-02-28 14:45:00,284,2,7,5,176.5,1,3
166,12512.0,2011-10-04 14:55:00,66,3,34,4,138.03,1,3
169,12515.0,2010-12-21 15:43:00,353,2,16,5,383.7,2,3
176,12522.0,2011-10-31 15:30:00,39,4,12,5,192.72,1,3
183,12529.0,2010-07-05 09:35:00,522,1,23,4,321.18,2,3
201,12547.0,2011-05-26 12:38:00,197,2,21,4,383.58,2,3
202,12548.0,2011-06-26 15:35:00,166,3,5,5,95.19999999999999,1,3
205,12551.0,2010-12-17 11:23:00,357,2,10,5,168.0,1,3
208,12554.0,2010-09-17 12:29:00,448,1,26,4,468.5,2,3
209,12555.0,2010-01-26 16:26:00,682,1,1,5,129.23,1,3
213,12559.0,2011-02-02 09:49:00,310,2,22,4,587.21,2,3
215,12561.0,2011-02-10 11:39:00,302,2,16,5,238.85,1,3
217,12563.0,2010-10-27 09:52:00,408,2,13,5,249.24,1,3
218,12564.0,2011-03-23 14:55:00,261,2,21,4,456.9,2,3
219,12565.0,2011-03-03 11:43:00,281,2,10,5,160.67,1,3
222,12568.0,2010-03-05 09:15:00,644,1,5,5,70.0,1,3
224,12570.0,2010-01-26 17:28:00,682,1,1,5,77.52,1,3
228,12574.0,2011-01-28 09:20:00,315,2,11,5,218.45,1,3
229,12575.0,2010-09-08 13:09:00,457,1,38,4,622.8199999999999,2,3
235,12581.0,2011-10-31 08:56:00,39,4,15,5,197.71,1,3
241,12587.0,2011-12-02 12:47:00,7,5,4,5,144.0,1,3
249,12595.0,2010-07-23 09:10:00,504,1,19,4,299.02,2,3
256,12602.0,2011-10-12 11:22:00,58,4,12,5,153.12,1,3
258,12604.0,2011-09-21 14:08:00,79,3,16,5,254.18,1,3
260,12606.0,2010-01-26 16:23:00,682,1,1,5,21.0,1,3
262,12608.0,2010-10-31 10:49:00,404,2,16,5,415.79,2,3
268,12614.0,2011-03-07 10:22:00,277,2,20,4,315.6,2,3
272,12618.0,2011-11-18 11:10:00,21,4,11,5,177.31,1,3
276,12622.0,2011-04-21 16:39:00,232,2,11,5,180.1,1,3
288,12634.0,2010-06-22 10:05:00,535,1,20,4,490.0,2,3
290,12636.0,2009-12-01 09:55:00,738,1,1,5,141.0,1,3
295,12641.0,2011-08-16 13:26:00,115,3,10,5,185.9,1,3
305,12651.0,2011-01-09 12:46:00,334,2,32,4,390.2,2,3
309,12655.0,2010-10-12 09:17:00,423,1,16,5,261.35,1,3
313,12659.0,2011-11-10 11:53:00,29,4,5,5,91.68,1,3
314,12660.0,2011-11-28 13:26:00,11,5,13,5,245.1,1,3
315,12661.0,2010-09-29 16:46:00,436,1,11,5,162.0,1,3
317,12663.0,2010-03-25 09:40:00,624,1,11,5,274.8,1,3
319,12665.0,2011-01-19 08:34:00,324,2,21,4,325.75,2,3
326,12672.0,2011-01-14 09:20:00,329,2,25,4,463.6,2,3
331,12677.0,2010-06-02 14:30:00,555,1,23,4,400.9,2,3
340,12686.0,2010-12-03 09:51:00,371,2,14,5,178.28,1,3
344,12690.0,2011-05-18 09:09:00,205,2,16,5,389.01,2,3
346,12692.0,2010-03-12 14:02:00,637,1,13,5,110.95,1,3
352,12698.0,2010-04-28 15:51:00,590,1,16,5,339.75,2,3
356,12702.0,2011-11-20 10:36:00,19,4,12,5,219.0,1,3
360,12706.0,2010-01-26 16:25:00,682,1,1,5,91.89,1,3
361,12707.0,2011-02-21 08:38:00,291,2,33,4,603.42,2,3
372,12718.0,2011-09-29 16:38:00,71,3,19,4,238.25,1,3
386,12732.0,2011-06-13 11:33:00,179,3,12,5,236.26000000000002,1,3
390,12736.0,2011-01-11 07:57:00,332,2,4,5,234.0,1,3
392,12738.0,2010-12-02 18:27:00,372,2,22,4,310.7,2,3
395,12741.0,2010-06-28 14:36:00,529,1,16,5,406.07,2,3
400,12746.0,2010-06-30 08:19:00,527,1,20,4,278.25,1,3
404,12750.0,2011-08-03 09:13:00,128,3,15,5,275.88,1,3
405,12751.0,2010-09-21 12:49:00,444,1,62,3,268.27,1,3
410,12756.0,2011-09-14 09:31:00,86,3,4,5,112.07999999999998,1,3
414,12760.0,2010-09-10 08:50:00,455,1,21,4,347.8,2,3
422,12768.0,2010-10-04 12:48:00,431,1,20,4,337.38000000000005,2,3
425,12771.0,2010-09-01 12:34:00,464,1,16,5,302.1,2,3
427,12773.0,2010-05-24 17:39:00,564,1,12,5,248.5,1,3
428,12774.0,2010-06-22 10:38:00,535,1,6,5,98.7,1,3
430,12776.0,2010-02-10 12:11:00,667,1,4,5,55.5,1,3
431,12777.0,2010-09-08 11:35:00,457,1,26,4,519.45,2,3
434,12780.0,2010-04-20 09:40:00,598,1,20,4,337.4,2,3
442,12788.0,2010-09-02 14:21:00,463,1,26,4,444.9,2,3
443,12789.0,2011-10-05 13:34:00,65,3,8,5,273.35,1,3
450,12796.0,2010-03-21 15:49:00,628,1,7,5,381.0,2,3
453,12799.0,2010-06-28 15:57:00,529,1,15,5,219.35,1,3
454,12800.0,2010-08-26 14:11:00,470,1,34,4,584.25,2,3
461,12807.0,2010-11-22 09:16:00,382,2,18,4,390.75,2,3
464,12810.0,2010-06-23 10:53:00,534,1,32,4,534.99,2,3
466,12812.0,2011-10-26 09:54:00,44,4,15,5,229.64000000000001,1,3
468,12814.0,2011-08-30 12:11:00,101,3,2,5,125.92,1,3
473,12819.0,2010-09-07 15:20:00,458,1,19,4,540.52,2,3
475,12821.0,2011-05-09 15:51:00,214,2,13,5,220.8,1,3
479,12825.0,2010-07-06 13:56:00,521,1,24,4,518.63,2,3
483,12829.0,2011-01-21 12:56:00,322,2,20,4,425.25,2,3
485,12831.0,2011-03-22 13:02:00,262,2,22,4,451.11,2,3
488,12834.0,2011-03-02 09:49:00,282,2,18,4,312.38,2,3
499,12845.0,2011-03-17 13:34:00,267,2,27,4,354.09,2,3
500,12846.0,2010-01-26 16:29:00,682,1,1,5,15.58,1,3
502,12848.0,2010-02-02 12:45:00,675,1,16,5,208.0,1,3
504,12850.0,2010-09-20 12:26:00,445,1,2,5,330.0,2,3
506,12852.0,2011-02-22 14:56:00,290,2,20,4,323.35,2,3
512,12858.0,2010-11-21 12:55:00,383,2,50,3,204.10999999999999,1,3
513,12859.0,2010-09-07 12:20:00,458,1,21,4,575.1,2,3
514,12860.0,2010-01-15 15:22:00,693,1,17,4,55.47,1,3
515,12861.0,2010-03-30 11:39:00,619,1,4,5,68.25,1,3
518,12864.0,2011-07-24 13:03:00,138,3,7,5,299.57,2,3
523,12869.0,2010-01-27 12:10:00,681,1,37,4,337.66999999999996,2,3
535,12881.0,2011-03-09 11:44:00,275,2,7,5,298.0,2,3
538,12884.0,2011-09-12 13:10:00,88,3,7,5,309.05,2,3
541,12887.0,2010-11-21 11:18:00,383,2,13,5,222.4,1,3
542,12888.0,2011-05-09 16:02:00,214,2,7,5,394.47,2,3
543,12889.0,2010-11-23 16:08:00,381,2,27,4,405.26,2,3
546,12892.0,2010-11-08 09:51:00,396,2,18,4,263.38,1,3
547,12893.0,2011-11-09 12:34:00,30,4,34,4,188.14,1,3
548,12894.0,2010-05-13 14:47:00,575,1,21,4,157.35,1,3
550,12896.0,2009-12-09 09:28:00,730,1,1,5,29.75,1,3
551,12897.0,2011-05-19 12:13:00,204,2,14,5,514.25,2,3
552,12898.0,2010-09-02 08:08:00,463,1,32,4,310.96000000000004,2,3
553,12899.0,2010-10-22 09:53:00,413,2,17,4,366.4,2,3
554,12900.0,2010-10-13 15:17:00,422,1,13,5,340.33,2,3
556,12902.0,2011-03-20 12:06:00,264,2,10,5,138.68,1,3
561,12907.0,2010-11-09 12:08:00,395,2,29,4,577.46,2,3
568,12914.0,2010-11-04 12:28:00,400,2,9,5,223.98,1,3
581,12927.0,2010-11-10 10:02:00,394,2,11,5,197.31,1,3
583,12929.0,2011-08-09 14:30:00,122,3,9,5,130.6,1,3
588,12934.0,2009-12-03 10:51:00,736,1,2,5,181.65,1,3
592,12938.0,2011-11-14 11:21:00,25,4,9,5,114.14,1,3
595,12941.0,2009-12-15 13:12:00,724,1,27,4,377.49,2,3
597,12943.0,2011-02-11 15:13:00,301,2,27,4,504.0,2,3
600,12946.0,2010-09-29 10:14:00,436,1,20,4,324.45,2,3
608,12954.0,2010-03-11 10:16:00,638,1,10,5,162.45,1,3
613,12959.0,2010-08-12 17:20:00,484,1,9,5,168.54999999999998,1,3
615,12961.0,2010-11-25 16:44:00,379,2,40,3,211.99,1,3
616,12962.0,2011-12-02 15:55:00,7,5,16,5,266.39,1,3
618,12964.0,2010-09-28 17:47:00,437,1,26,4,132.24,1,3
620,12966.0,2011-11-30 12:38:00,9,5,10,5,160.18,1,3
622,12968.0,2011-08-19 15:44:00,112,3,5,5,135.95,1,3
623,12969.0,2010-04-16 10:50:00,602,1,5,5,122.45,1,3
627,12973.0,2010-10-22 10:14:00,413,2,6,5,385.55,2,3
628,12974.0,2011-05-26 09:33:00,197,2,32,4,408.95,2,3
637,12983.0,2010-04-20 12:58:00,598,1,30,4,490.08000000000004,2,3
638,12984.0,2011-11-21 12:37:00,18,5,4,5,97.5,1,3
646,12992.0,2009-12-14 16:46:00,725,1,6,5,93.35000000000001,1,3
649,12995.0,2011-09-23 09:20:00,77,3,5,5,221.92,1,3
650,12996.0,2010-11-29 09:27:00,375,2,22,4,355.5,2,3
653,12999.0,2011-05-27 13:24:00,196,2,28,4,455.88,2,3
656,13002.0,2011-01-25 15:18:00,318,2,23,4,414.13,2,3
657,13003.0,2011-08-26 10:50:00,105,3,6,5,149.05,1,3
660,13006.0,2011-10-14 13:49:00,56,4,4,5,81.57,1,3
661,13007.0,2010-05-09 10:38:00,579,1,11,5,175.25,1,3
663,13009.0,2010-02-05 12:22:00,672,1,4,5,234.0,1,3
664,13010.0,2010-11-30 15:09:00,374,2,12,5,330.12,2,3
665,13011.0,2010-12-02 17:22:00,372,2,6,5,101.10000000000001,1,3
671,13017.0,2011-12-02 15:53:00,7,5,1,5,204.0,1,3
676,13022.0,2010-10-06 10:50:00,429,1,5,5,65.3,1,3
678,13024.0,2010-09-01 14:55:00,464,1,34,4,576.32,2,3
679,13025.0,2009-12-08 10:02:00,731,1,13,5,323.39,2,3
687,13033.0,2010-12-17 14:23:00,357,2,13,5,220.55,1,3
690,13036.0,2010-01-24 11:35:00,684,1,6,5,307.1,2,3
697,13043.0,2011-03-31 12:14:00,253,2,14,5,561.27,2,3
705,13051.0,2010-05-10 09:14:00,578,1,4,5,155.8,1,3
707,13053.0,2010-03-28 11:28:00,621,1,17,4,127.65,1,3
708,13054.0,2010-01-26 16:24:00,682,1,1,5,14.0,1,3
710,13056.0,2010-06-06 14:10:00,551,1,19,4,209.48,1,3
712,13058.0,2011-11-15 12:43:00,24,4,8,5,271.40000000000003,1,3
714,13060.0,2011-03-31 11:37:00,253,2,15,5,307.53,2,3
715,13061.0,2011-09-28 16:04:00,72,3,10,5,248.61,1,3
716,13062.0,2011-06-01 15:12:00,191,2,11,5,346.98,2,3
717,13063.0,2010-08-16 12:27:00,480,1,12,5,188.4,1,3
725,13071.0,2010-04-06 13:37:00,612,1,12,5,129.22,1,3
726,13072.0,2011-03-18 08:12:00,266,2,7,5,177.15,1,3
727,13073.0,2010-10-24 14:06:00,411,2,27,4,418.08,2,3
730,13076.0,2010-09-08 10:27:00,457,1,9,5,135.4,1,3
738,13084.0,2010-08-09 12:40:00,487,1,4,5,128.35,1,3
741,13087.0,2009-12-13 15:16:00,726,1,15,5,313.64,2,3
742,13088.0,2010-10-18 15:35:00,417,1,20,4,236.11,1,3
749,13095.0,2011-09-30 12:03:00,70,3,6,5,74.39999999999999,1,3
750,13096.0,2010-11-10 14:08:00,394,2,1,5,419.70000000000005,2,3
753,13099.0,2011-09-01 17:40:00,99,3,1,5,207.35999999999999,1,3
759,13105.0,2010-09-29 13:41:00,436,1,1,5,72.0,1,3
765,13111.0,2009-12-21 09:00:00,718,1,12,5,321.88000000000005,2,3
766,13112.0,2010-06-16 17:03:00,541,1,5,5,46.64000000000001,1,3
768,13114.0,2009-12-09 09:56:00,730,1,16,5,234.38,1,3
773,13119.0,2010-02-09 08:38:00,668,1,11,5,134.9,1,3
774,13120.0,2011-04-15 10:19:00,238,2,1,5,30.599999999999998,1,3
779,13125.0,2010-07-04 11:58:00,523,1,21,4,158.57,1,3
781,13127.0,2011-09-23 10:26:00,77,3,15,5,259.17,1,3
782,13128.0,2010-03-18 15:08:00,631,1,1,5,263.5,1,3
783,13129.0,2010-09-13 13:47:00,452,1,11,5,233.25,1,3
784,13130.0,2011-09-06 15:30:00,94,3,2,5,64.0,1,3
786,13132.0,2011-03-23 12:44:00,261,2,3,5,77.3,1,3
787,13133.0,2011-03-11 10:31:00,273,2,12,5,200.45000000000002,1,3
797,13143.0,2010-05-06 16:34:00,582,1,24,4,411.0,2,3
798,13144.0,2011-01-11 11:15:00,332,2,6,5,135.35,1,3
800,13146.0,2011-11-13 15:29:00,26,4,17,4,228.91,1,3
804,13150.0,2010-08-26 10:15:00,470,1,9,5,464.92,2,3
814,13160.0,2011-11-17 13:07:00,22,4,4,5,91.8,1,3
815,13161.0,2011-01-30 14:03:00,313,2,34,4,478.88,2,3
817,13163.0,2010-04-08 16:21:00,610,1,4,5,35.3,1,3
818,13164.0,2010-05-19 13:52:00,569,1,12,5,446.94,2,3
824,13170.0,2011-11-13 12:19:00,26,4,32,4,116.00999999999999,1,3
826,13172.0,2010-11-04 15:10:00,400,2,1,5,69.6,1,3
833,13179.0,2010-03-31 11:40:00,618,1,34,4,572.3100000000001,2,3
834,13180.0,2010-04-11 13:37:00,607,1,4,5,86.10000000000001,1,3
835,13181.0,2010-11-23 15:05:00,381,2,19,4,359.69,2,3
836,13182.0,2011-10-25 13:46:00,45,4,11,5,121.18,1,3
839,13185.0,2011-03-17 11:56:00,267,2,1,5,71.4,1,3
842,13188.0,2011-11-28 15:28:00,11,5,2,5,114.60000000000001,1,3
844,13190.0,2010-06-13 15:47:00,544,1,18,4,622.56,2,3
845,13191.0,2010-02-19 17:02:00,658,1,59,3,164.69,1,3
847,13193.0,2011-10-09 14:30:00,61,3,29,4,117.88,1,3
848,13194.0,2011-07-27 09:01:00,135,3,10,5,472.78,2,3
849,13195.0,2010-10-21 13:07:00,414,1,52,3,172.38,1,3
851,13197.0,2010-04-09 09:14:00,609,1,19,4,373.01000000000005,2,3
869,13215.0,2010-11-02 18:26:00,402,2,1,5,81.6,1,3
870,13216.0,2011-03-17 12:18:00,267,2,5,5,333.74,2,3
872,13218.0,2011-08-04 16:59:00,127,3,5,5,62.63999999999999,1,3
873,13219.0,2010-03-31 14:18:00,618,1,11,5,76.23,1,3
876,13222.0,2010-05-11 13:54:00,577,1,1,5,88.5,1,3
877,13223.0,2011-05-23 13:03:00,200,2,13,5,969.1200000000001,3,3
880,13226.0,2011-03-11 14:35:00,273,2,28,4,312.46,2,3
881,13227.0,2011-05-22 11:47:00,201,2,9,5,257.7,1,3
882,13228.0,2011-09-19 14:28:00,81,3,2,5,358.0,2,3
883,13229.0,2011-04-28 12:07:00,225,2,10,5,160.95,1,3
885,13231.0,2010-06-11 16:53:00,546,1,1,5,355.2,2,3
895,13241.0,2010-10-24 11:17:00,411,2,42,3,115.58,1,3
898,13244.0,2011-09-08 11:46:00,92,3,27,4,121.74000000000001,1,3
904,13250.0,2010-09-13 10:43:00,452,1,21,4,263.54,1,3
905,13251.0,2010-11-02 13:20:00,402,2,25,4,252.68,1,3
906,13252.0,2010-11-10 16:00:00,394,2,22,4,457.3,2,3
908,13254.0,2010-11-28 15:42:00,376,2,4,5,51.410000000000004,1,3
910,13256.0,2011-11-25 15:57:00,14,5,1,5,0.0,1,3
911,13257.0,2010-10-08 12:27:00,427,1,9,5,181.55,1,3
914,13260.0,2011-10-09 13:21:00,61,3,8,5,557.62,2,3
915,13261.0,2011-03-16 12:22:00,268,2,9,5,944.1,3,3
924,13270.0,2010-12-08 14:53:00,366,2,2,5,1180.0,3,3
926,13272.0,2011-11-08 14:00:00,31,4,15,5,276.56,1,3
927,13273.0,2011-08-18 14:02:00,113,3,16,5,138.98,1,3
928,13274.0,2010-10-26 13:48:00,409,2,19,4,360.85,2,3
929,13275.0,2010-11-21 12:09:00,383,2,50,3,241.66,1,3
933,13279.0,2011-10-06 18:51:00,64,3,11,5,149.20000000000002,1,3
935,13281.0,2010-09-28 18:43:00,437,1,26,4,395.25,2,3
938,13284.0,2011-01-21 10:25:00,322,2,14,5,206.23,1,3
942,13288.0,2010-09-22 16:32:00,443,1,12,5,963.06,3,3
943,13289.0,2009-12-16 11:53:00,723,1,16,5,307.95,2,3
944,13290.0,2010-10-05 12:43:00,430,1,3,5,625.89,3,3
956,13302.0,2011-07-07 17:56:00,155,3,3,5,159.2,1,3
957,13303.0,2010-11-04 14:55:00,400,2,4,5,61.72,1,3
960,13306.0,2010-10-05 14:55:00,430,1,4,5,53.65,1,3
961,13307.0,2011-08-11 17:14:00,120,3,15,5,273.34,1,3
966,13312.0,2010-09-14 14:36:00,451,1,5,5,124.75,1,3
969,13315.0,2010-01-19 15:34:00,689,1,22,4,310.26,2,3
975,13321.0,2011-09-28 15:24:00,72,3,11,5,567.36,2,3
980,13326.0,2010-10-03 16:00:00,432,1,13,5,281.76,1,3
985,13331.0,2010-11-03 08:04:00,401,2,12,5,262.4,1,3
989,13335.0,2010-06-17 14:54:00,540,1,1,5,955.06,3,3
996,13342.0,2010-05-06 16:44:00,582,1,2,5,14.100000000000001,1,3
999,13345.0,2011-03-08 08:34:00,276,2,22,4,401.40000000000003,2,3
1000,13346.0,2010-09-03 11:41:00,462,1,6,5,299.4,2,3
1001,13347.0,2011-09-30 13:28:00,70,3,8,5,341.36,2,3
1002,13348.0,2011-10-06 17:28:00,64,3,14,5,233.76,1,3
1003,13349.0,2011-11-29 08:07:00,10,5,16,5,247.32,1,3
1005,13351.0,2011-10-04 12:55:00,66,3,16,5,373.94,2,3
1007,13353.0,2010-11-16 11:14:00,388,2,3,5,28.849999999999998,1,3
1012,13358.0,2011-03-16 11:52:00,268,2,29,4,439.03,2,3
1018,13364.0,2011-10-04 09:48:00,66,3,20,4,269.91999999999996,1,3
1020,13366.0,2011-10-20 13:37:00,50,4,1,5,56.160000000000004,1,3
1021,13367.0,2010-10-04 10:00:00,431,1,20,4,510.20000000000005,2,3
1028,13374.0,2010-10-21 10:04:00,414,1,17,4,422.8,2,3
1032,13378.0,2010-10-13 11:52:00,422,1,1,5,756.4,3,3
1034,13380.0,2010-10-03 10:18:00,432,1,3,5,62.4,1,3
1037,13383.0,2010-06-14 11:45:00,543,1,1,5,305.28000000000003,2,3
1039,13385.0,2011-01-14 09:52:00,329,2,35,4,534.57,2,3
1041,13387.0,2010-10-18 14:07:00,417,1,73,3,189.44,1,3
1044,13390.0,2011-09-26 08:38:00,74,3,13,5,544.08,2,3
1045,13391.0,2011-05-20 10:50:00,203,2,1,5,59.8,1,3
1046,13392.0,2010-01-31 13:34:00,677,1,8,5,91.14,1,3
1053,13399.0,2010-09-01 13:59:00,464,1,15,5,275.4,1,3
1054,13400.0,2010-05-14 13:25:00,574,1,24,4,320.73,2,3
1057,13403.0,2011-11-22 08:28:00,17,5,9,5,229.5,1,3
1058,13404.0,2011-12-08 15:37:00,1,5,11,5,252.49,1,3
1060,13406.0,2010-10-08 14:44:00,427,1,10,5,580.62,2,3
1063,13409.0,2010-03-25 15:24:00,624,1,1,5,525.65,2,3
1065,13411.0,2011-08-24 13:57:00,107,3,18,4,213.55,1,3
1066,13412.0,2010-03-29 16:28:00,620,1,34,4,487.34999999999997,2,3
1073,13419.0,2011-10-07 12:49:00,63,3,16,5,221.06,1,3
1074,13420.0,2011-07-28 12:10:00,134,3,10,5,179.35,1,3
1077,13423.0,2010-10-07 09:02:00,428,1,12,5,217.03,1,3
1090,13436.0,2011-12-08 10:33:00,1,5,12,5,196.89,1,3
1092,13438.0,2010-06-10 18:46:00,547,1,1,5,46.5,1,3
1096,13442.0,2010-02-10 14:03:00,667,1,38,4,419.87,2,3
1099,13445.0,2010-03-23 15:34:00,626,1,7,5,241.89999999999998,1,3
1106,13452.0,2011-03-25 14:19:00,259,2,3,5,729.8,3,3
1108,13454.0,2010-03-08 14:40:00,641,1,23,4,219.87,1,3
1111,13457.0,2010-01-20 08:48:00,688,1,11,5,153.17,1,3
1114,13460.0,2011-11-10 17:17:00,29,4,17,4,183.44,1,3
1117,13463.0,2010-10-15 15:11:00,420,1,1,5,158.65,1,3
1123,13469.0,2010-02-24 15:03:00,653,1,6,5,82.4,1,3
1124,13470.0,2011-09-01 14:57:00,99,3,10,5,165.0,1,3
1126,13472.0,2010-09-02 09:41:00,463,1,28,4,592.24,2,3
1136,13482.0,2011-04-21 17:03:00,232,2,20,4,336.09,2,3
1137,13483.0,2011-10-05 11:53:00,65,3,10,5,140.34,1,3
1143,13489.0,2011-08-26 13:16:00,105,3,14,5,449.52,2,3
1144,13490.0,2010-02-23 14:48:00,654,1,8,5,154.25,1,3
1147,13493.0,2011-03-09 15:35:00,275,2,8,5,618.63,2,3
1148,13494.0,2011-02-01 11:58:00,311,2,18,4,316.26000000000005,2,3
1152,13498.0,2009-12-09 15:26:00,730,1,17,4,327.38,2,3
1162,13508.0,2011-04-10 11:58:00,243,2,28,4,287.05,1,3
1165,13511.0,2010-08-13 11:29:00,483,1,6,5,320.91,2,3
1176,13522.0,2011-11-09 15:11:00,30,4,5,5,125.80000000000001,1,3
1182,13528.0,2010-01-26 16:59:00,682,1,1,5,40.0,1,3
1183,13529.0,2011-09-22 09:15:00,78,3,15,5,307.76,2,3
1184,13530.0,2010-03-15 14:10:00,634,1,18,4,402.97999999999996,2,3
1189,13535.0,2010-11-02 11:49:00,402,2,1,5,89.5,1,3
1195,13541.0,2010-10-12 15:58:00,423,1,12,5,852.6,3,3
1201,13547.0,2010-10-27 14:14:00,408,2,47,3,175.53,1,3
1205,13551.0,2011-01-24 14:46:00,319,2,5,5,244.2,1,3
1210,13556.0,2010-10-06 16:44:00,429,1,9,5,200.82,1,3
1213,13559.0,2010-07-15 09:52:00,512,1,2,5,990.0,3,3
1224,13570.0,2011-04-10 13:36:00,243,2,27,4,239.49,1,3
1232,13578.0,2010-10-26 13:44:00,409,2,9,5,147.66,1,3
1234,13580.0,2010-10-29 15:01:00,406,2,5,5,107.75,1,3
1235,13581.0,2011-02-03 14:41:00,309,2,33,4,280.53000000000003,1,3
1236,13582.0,2010-11-15 11:34:00,389,2,11,5,241.68,1,3
1240,13586.0,2010-06-16 13:47:00,541,1,21,4,131.53,1,3
1246,13592.0,2011-11-04 09:49:00,35,4,16,5,247.95999999999998,1,3
1251,13597.0,2010-11-16 13:53:00,388,2,19,4,421.21,2,3
1257,13603.0,2011-11-13 15:57:00,26,4,27,4,164.34,1,3
1262,13608.0,2010-06-17 12:28:00,540,1,36,4,236.2,1,3
1263,13609.0,2010-04-25 13:26:00,593,1,7,5,167.35,1,3
1270,13616.0,2010-05-20 12:59:00,568,1,37,4,288.1,2,3
1272,13618.0,2011-06-19 11:09:00,173,3,13,5,177.34,1,3
1273,13619.0,2010-06-13 11:39:00,544,1,49,3,231.69,1,3
1274,13620.0,2010-06-29 15:02:00,528,1,5,5,112.34,1,3
1275,13621.0,2011-08-15 08:26:00,116,3,19,4,213.85,1,3
1278,13624.0,2010-11-23 18:42:00,381,2,24,4,496.98,2,3
1279,13625.0,2010-04-22 10:50:00,596,1,21,4,301.26,2,3
1282,13628.0,2010-02-01 14:44:00,676,1,16,5,310.14,2,3
1287,13633.0,2010-04-15 15:27:00,603,1,1,5,306.66,2,3
1292,13638.0,2011-11-24 10:38:00,15,5,8,5,122.64,1,3
1294,13640.0,2010-04-07 15:33:00,611,1,4,5,405.0,2,3
1299,13645.0,2011-08-11 16:11:00,120,3,5,5,252.1,1,3
1305,13651.0,2011-11-04 14:59:00,35,4,15,5,244.75,1,3
1307,13653.0,2010-08-09 08:19:00,487,1,9,5,152.2,1,3
1315,13661.0,2010-04-15 14:58:00,603,1,17,4,325.24,2,3
1318,13664.0,2010-01-26 16:31:00,682,1,1,5,13.14,1,3
1320,13666.0,2011-10-10 15:39:00,60,3,19,4,127.89999999999999,1,3
1325,13671.0,2010-11-10 10:50:00,394,2,76,3,194.95,1,3
1328,13674.0,2010-10-06 11:15:00,429,1,16,5,265.48,1,3
1330,13676.0,2010-06-18 17:30:00,539,1,15,5,334.65,2,3
1332,13678.0,2011-07-11 10:14:00,151,3,16,5,232.6,1,3
1333,13679.0,2010-08-03 12:13:00,493,1,50,3,281.26,1,3
1336,13682.0,2011-06-05 14:06:00,187,3,3,5,59.5,1,3
1337,13683.0,2010-09-08 10:00:00,457,1,10,5,258.6,1,3
1342,13688.0,2010-03-14 14:11:00,635,1,5,5,375.5,2,3
1344,13690.0,2011-10-11 15:03:00,59,3,9,5,172.25,1,3
1345,13691.0,2010-11-08 17:34:00,396,2,54,3,212.78,1,3
1351,13697.0,2011-11-01 09:14:00,38,4,12,5,151.29999999999998,1,3
1355,13701.0,2010-09-28 18:34:00,437,1,10,5,162.45,1,3
1356,13702.0,2010-09-20 11:40:00,445,1,5,5,135.18,1,3
1368,13714.0,2010-08-31 13:57:00,465,1,30,4,161.35,1,3
1370,13716.0,2011-03-15 13:49:00,269,2,21,4,138.28,1,3
1372,13718.0,2011-04-07 13:24:00,246,2,12,5,306.55,2,3
1378,13724.0,2010-03-12 15:28:00,637,1,42,3,213.01,1,3
1385,13731.0,2011-05-04 14:33:00,219,2,38,4,610.59,2,3
1387,13733.0,2010-10-25 12:18:00,410,2,30,4,489.53000000000003,2,3
1391,13737.0,2011-05-23 16:32:00,200,2,30,4,339.59999999999997,2,3
1400,13746.0,2010-10-22 11:55:00,413,2,9,5,176.69,1,3
1401,13747.0,2010-12-01 10:37:00,373,2,6,5,249.39999999999998,1,3
1403,13749.0,2010-01-07 16:52:00,701,1,2,5,10.25,1,3
1405,13751.0,2011-02-24 15:56:00,288,2,9,5,296.25,2,3
1411,13757.0,2010-02-03 12:37:00,674,1,8,5,195.55,1,3
1419,13765.0,2010-02-24 13:46:00,653,1,17,4,352.821,2,3
1420,13766.0,2010-08-01 14:25:00,495,1,17,4,190.35,1,3
1427,13773.0,2010-11-08 11:49:00,396,2,19,4,301.54,2,3
1433,13779.0,2010-07-12 11:24:00,515,1,27,4,161.13,1,3
1439,13785.0,2010-10-07 09:25:00,428,1,30,4,542.49,2,3
1442,13788.0,2010-07-22 15:50:00,505,1,1,5,3.75,1,3
1443,13789.0,2010-11-16 15:31:00,388,2,18,4,239.45999999999998,1,3
1447,13793.0,2010-03-03 08:25:00,646,1,7,5,96.0,1,3
1448,13794.0,2010-06-11 12:30:00,546,1,9,5,126.03,1,3
1450,13796.0,2010-07-28 14:45:00,499,1,22,4,289.7,2,3
1460,13806.0,2011-10-07 11:43:00,63,3,10,5,256.38,1,3
1461,13807.0,2010-12-07 15:48:00,367,2,34,4,559.7,2,3
1472,13818.0,2010-10-06 12:35:00,429,1,5,5,61.28,1,3
1479,13825.0,2010-03-28 11:02:00,621,1,40,3,255.59,1,3
1480,13826.0,2011-07-04 16:27:00,158,3,12,5,204.35,1,3
1482,13828.0,2011-11-17 16:02:00,22,4,15,5,209.49,1,3
1483,13829.0,2010-12-15 16:36:00,359,2,2,5,204.0,1,3
1484,13830.0,2010-05-14 13:16:00,574,1,13,5,177.75,1,3
1488,13834.0,2010-05-12 10:27:00,576,1,21,4,400.49,2,3
1491,13837.0,2011-05-12 12:10:00,211,2,19,4,271.24,1,3
1493,13839.0,2010-08-10 13:52:00,486,1,7,5,139.95000000000002,1,3
1495,13841.0,2011-04-01 12:10:00,252,2,1,5,85.0,1,3
1497,13843.0,2010-11-23 17:48:00,381,2,18,4,319.75,2,3
1499,13845.0,2011-10-06 08:25:00,64,3,9,5,312.98,2,3
1501,13847.0,2009-12-20 10:41:00,719,1,19,4,310.72,2,3
1506,13852.0,2010-04-12 08:16:00,606,1,13,5,204.25,1,3
1512,13858.0,2011-10-13 16:17:00,57,4,11,5,216.17,1,3
1513,13859.0,2011-01-17 16:14:00,326,2,36,4,515.86,2,3
1515,13861.0,2010-10-06 14:20:00,429,1,23,4,295.21,2,3
1518,13864.0,2010-11-18 12:50:00,386,2,1,5,662.4000000000001,3,3
1520,13866.0,2011-09-26 14:54:00,74,3,7,5,145.67000000000002,1,3
1530,13876.0,2011-10-07 10:22:00,63,3,7,5,122.7,1,3
1533,13879.0,2010-03-04 10:49:00,645,1,25,4,395.5,2,3
1540,13886.0,2011-09-29 13:17:00,71,3,16,5,243.56,1,3
1541,13887.0,2011-05-19 17:22:00,204,2,19,4,349.55,2,3
1550,13896.0,2010-03-24 08:55:00,625,1,21,4,388.55,2,3
1557,13903.0,2010-11-04 17:44:00,400,2,10,5,165.45000000000002,1,3
1559,13905.0,2010-05-17 17:04:00,571,1,15,5,380.85,2,3
1560,13906.0,2010-10-26 15:00:00,409,2,1,5,42.0,1,3
1561,13907.0,2010-01-17 12:22:00,691,1,4,5,136.8,1,3
1563,13909.0,2010-10-12 17:22:00,423,1,39,3,286.6,1,3
1564,13910.0,2010-09-22 16:19:00,443,1,1,5,127.66,1,3
1566,13912.0,2010-10-12 08:43:00,423,1,7,5,124.95,1,3
1567,13913.0,2010-07-21 10:11:00,506,1,3,5,42.22,1,3
1569,13915.0,2010-11-10 15:17:00,394,2,4,5,110.4,1,3
1571,13917.0,2011-10-21 09:56:00,49,4,18,4,272.04,1,3
1580,13926.0,2011-11-16 13:16:00,23,4,11,5,223.85000000000002,1,3
1586,13932.0,2011-02-18 12:02:00,294,2,16,5,307.4,2,3
1592,13938.0,2011-11-04 14:37:00,35,4,7,5,71.66,1,3
1596,13942.0,2010-06-23 12:35:00,534,1,1,5,320.0,2,3
1597,13943.0,2010-05-11 11:30:00,577,1,15,5,246.54,1,3
1598,13944.0,2010-02-24 15:02:00,653,1,35,4,200.43,1,3
1601,13947.0,2011-10-05 14:42:00,65,3,5,5,90.6,1,3
1602,13948.0,2010-12-14 10:18:00,360,2,25,4,560.66,2,3
1611,13957.0,2010-10-18 10:02:00,417,1,27,4,458.25,2,3
1614,13960.0,2011-11-18 15:27:00,21,4,12,5,230.22,1,3
1615,13961.0,2010-11-19 15:13:00,385,2,21,4,578.1,2,3
1618,13964.0,2010-11-17 13:53:00,387,2,25,4,455.9,2,3
1620,13966.0,2010-09-30 13:08:00,435,1,22,4,390.86,2,3
1621,13967.0,2011-07-17 12:02:00,145,3,6,5,166.3,1,3
1622,13968.0,2010-10-12 13:22:00,423,1,8,5,123.66,1,3
1624,13970.0,2010-11-18 13:21:00,386,2,13,5,846.55,3,3
1626,13972.0,2011-09-30 11:54:00,70,3,15,5,190.25,1,3
1627,13973.0,2011-02-25 15:21:00,287,2,11,5,264.7,1,3
1631,13977.0,2010-10-24 14:08:00,411,2,13,5,519.8100000000001,2,3
1632,13978.0,2011-11-25 11:36:00,14,5,15,5,196.79000000000002,1,3
1635,13981.0,2010-11-04 11:10:00,400,2,23,4,334.89,2,3
1644,13990.0,2011-05-10 15:19:00,213,2,16,5,311.3,2,3
1646,13992.0,2011-11-09 15:23:00,30,4,11,5,219.5,1,3
1652,13998.0,2010-09-19 10:20:00,446,1,31,4,566.7,2,3
1657,14003.0,2009-12-07 08:53:00,732,1,16,5,209.41,1,3
1661,14007.0,2010-07-15 09:06:00,512,1,5,5,79.48,1,3
1662,14008.0,2010-11-29 13:19:00,375,2,33,4,524.34,2,3
1664,14010.0,2010-05-23 13:00:00,565,1,28,4,602.1999999999999,2,3
1665,14011.0,2010-08-16 15:31:00,480,1,33,4,463.71999999999997,2,3
1666,14012.0,2011-03-07 12:26:00,277,2,11,5,328.8,2,3
1671,14017.0,2010-05-17 14:52:00,571,1,14,5,229.75,1,3
1672,14018.0,2010-03-04 14:23:00,645,1,13,5,367.15000000000003,2,3
1681,14027.0,2011-10-10 09:01:00,60,3,6,5,104.82,1,3
1683,14029.0,2011-10-07 14:46:00,63,3,15,5,467.66,2,3
1687,14033.0,2010-06-02 15:10:00,555,1,1,5,109.44,1,3
1693,14039.0,2011-11-06 13:48:00,33,4,10,5,267.28000000000003,1,3
1695,14041.0,2011-03-18 13:25:00,266,2,21,4,141.41,1,3
1696,14042.0,2009-12-14 15:07:00,725,1,21,4,431.98,2,3
1700,14046.0,2011-02-28 14:48:00,284,2,14,5,154.99,1,3
1707,14053.0,2011-08-07 14:27:00,124,3,9,5,572.3,2,3
1708,14054.0,2011-10-05 15:49:00,65,3,6,5,92.46,1,3
1712,14058.0,2010-09-03 09:31:00,462,1,24,4,469.19,2,3
1713,14059.0,2011-03-18 10:06:00,266,2,8,5,183.6,1,3
1720,14066.0,2011-03-18 12:21:00,266,2,7,5,152.55,1,3
1723,14069.0,2010-07-13 12:12:00,514,1,42,3,230.06,1,3
1726,14072.0,2010-02-11 12:31:00,666,1,19,4,390.85,2,3
1727,14073.0,2011-11-18 16:14:00,21,4,14,5,162.54,1,3
1728,14074.0,2010-03-26 13:55:00,623,1,6,5,219.39999999999998,1,3
1733,14079.0,2011-08-07 12:10:00,124,3,13,5,618.73,2,3
1738,14084.0,2010-07-15 14:36:00,512,1,7,5,150.5,1,3
1740,14086.0,2010-09-03 10:52:00,462,1,1,5,39.95,1,3
1743,14089.0,2011-10-14 10:38:00,56,4,14,5,161.0,1,3
1744,14090.0,2011-01-19 10:51:00,324,2,1,5,76.32000000000001,1,3
1749,14095.0,2009-12-17 12:49:00,722,1,1,5,2.95,1,3
1752,14098.0,2011-11-03 10:13:00,36,4,21,4,147.35,1,3
1754,14100.0,2011-07-25 11:01:00,137,3,26,4,194.9,1,3
1757,14103.0,2010-02-12 14:58:00,665,1,1,5,0.0,1,3
1760,14106.0,2009-12-02 14:09:00,737,1,1,5,214.79999999999998,1,3
1763,14109.0,2011-11-16 13:51:00,23,4,14,5,208.2,1,3
1769,14115.0,2010-07-26 12:36:00,501,1,22,4,622.6700000000001,2,3
1771,14117.0,2011-07-19 09:49:00,143,3,3,5,90.0,1,3
1772,14118.0,2010-10-07 11:59:00,428,1,15,5,458.45,2,3
1773,14119.0,2010-12-20 13:58:00,354,2,12,5,203.27,1,3
1774,14120.0,2010-10-05 19:12:00,430,1,1,5,23.8,1,3
1776,14122.0,2010-11-10 09:38:00,394,2,16,5,415.07,2,3
1777,14123.0,2009-12-06 15:35:00,733,1,24,4,436.18,2,3
1778,14124.0,2011-09-16 13:32:00,84,3,5,5,419.58000000000004,2,3
1785,14131.0,2010-03-01 11:59:00,648,1,52,3,187.87,1,3
1791,14137.0,2010-01-27 10:21:00,681,1,14,5,371.3,2,3
1797,14143.0,2011-07-29 09:48:00,133,3,7,5,115.8,1,3
1798,14144.0,2010-08-10 15:17:00,486,1,1,5,30.599999999999998,1,3
1802,14148.0,2011-04-20 12:02:00,233,2,17,4,466.29,2,3
1807,14153.0,2010-08-13 14:35:00,483,1,17,4,233.4,1,3
1809,14155.0,2011-03-18 14:13:00,266,2,6,5,118.75,1,3
1819,14165.0,2011-03-09 12:39:00,275,2,25,4,122.53999999999999,1,3
1820,14166.0,2010-07-22 19:42:00,505,1,53,3,256.85,1,3
1822,14168.0,2010-10-15 10:49:00,420,1,17,4,435.0,2,3
1828,14174.0,2011-11-06 13:17:00,33,4,26,4,134.46,1,3
1837,14183.0,2010-10-24 14:45:00,411,2,35,4,286.29,1,3
1839,14185.0,2011-01-12 13:52:00,331,2,3,5,197.65,1,3
1841,14187.0,2010-08-23 12:06:00,473,1,8,5,123.5,1,3
1844,14190.0,2010-02-11 14:27:00,666,1,1,5,79.9,1,3
1846,14192.0,2010-11-16 17:44:00,388,2,14,5,293.74,2,3
1850,14196.0,2011-08-25 10:25:00,106,3,6,5,335.52,2,3
1851,14197.0,2010-10-25 10:01:00,410,2,20,4,390.05,2,3
1854,14200.0,2010-04-01 13:01:00,617,1,21,4,379.2,2,3
1857,14203.0,2010-11-07 13:35:00,397,2,16,5,339.34,2,3
1861,14207.0,2010-01-21 09:33:00,687,1,2,5,157.8,1,3
1872,14218.0,2011-10-28 10:00:00,42,4,12,5,169.48000000000002,1,3
1892,14238.0,2011-01-17 14:40:00,326,2,13,5,434.23,2,3
1895,14241.0,2011-06-09 11:46:00,183,3,12,5,333.70000000000005,2,3
1896,14242.0,2011-04-19 11:46:00,234,2,16,5,280.55,1,3
1898,14244.0,2010-02-18 17:09:00,659,1,20,4,378.02,2,3
1906,14252.0,2010-11-23 13:36:00,381,2,10,5,350.99,2,3
1907,14253.0,2010-08-03 14:55:00,493,1,12,5,363.40000000000003,2,3
1908,14254.0,2010-10-03 11:52:00,432,1,23,4,601.03,2,3
1913,14259.0,2011-07-21 10:44:00,141,3,5,5,120.0,1,3
1917,14263.0,2010-10-12 14:09:00,423,1,16,5,322.93,2,3
1920,14266.0,2010-10-07 13:32:00,428,1,1,5,40.56,1,3
1922,14268.0,2010-08-26 10:45:00,470,1,19,4,354.85,2,3
1923,14269.0,2010-09-30 18:19:00,435,1,20,4,329.78,2,3
1924,14270.0,2011-01-12 09:33:00,331,2,29,4,492.65000000000003,2,3
1925,14271.0,2011-04-28 12:47:00,225,2,39,3,219.13,1,3
1928,14274.0,2010-01-22 12:51:00,686,1,15,5,256.6,1,3
1932,14278.0,2010-10-26 12:07:00,409,2,13,5,205.83,1,3
1933,14279.0,2010-07-07 08:42:00,520,1,3,5,191.86,1,3
1934,14280.0,2011-05-27 10:37:00,196,2,8,5,134.04,1,3
1935,14281.0,2010-10-27 14:45:00,408,2,7,5,245.15,1,3
1941,14287.0,2011-12-01 13:25:00,8,5,11,5,202.03,1,3
1942,14288.0,2011-05-11 15:17:00,212,2,17,4,439.35,2,3
1948,14294.0,2010-10-28 16:25:00,407,2,23,4,375.34,2,3
1950,14296.0,2010-10-22 09:25:00,413,2,28,4,464.35,2,3
1954,14300.0,2011-11-21 08:57:00,18,5,3,5,43.2,1,3
1957,14303.0,2010-10-28 15:37:00,407,2,22,4,277.94,1,3
1964,14310.0,2010-10-03 12:34:00,432,1,22,4,492.1,2,3
1965,14311.0,2011-04-28 19:49:00,225,2,38,4,597.0,2,3
1967,14313.0,2010-03-25 16:20:00,624,1,1,5,302.31,2,3
1968,14314.0,2011-08-25 10:39:00,106,3,11,5,237.70000000000002,1,3
1972,14318.0,2010-09-05 15:32:00,460,1,9,5,158.02,1,3
1973,14319.0,2010-10-11 13:38:00,424,1,27,4,512.75,2,3
1976,14322.0,2010-10-08 13:14:00,427,1,17,4,563.9,2,3
1979,14325.0,2010-05-19 09:20:00,569,1,18,4,245.48000000000002,1,3
1984,14330.0,2010-03-26 09:10:00,623,1,13,5,200.63,1,3
1994,14340.0,2011-05-05 09:44:00,218,2,6,5,134.7,1,3
1999,14345.0,2011-11-01 09:51:00,38,4,6,5,108.97999999999999,1,3
2001,14347.0,2009-12-03 10:49:00,736,1,6,5,82.6,1,3
2002,14348.0,2011-03-24 16:23:00,260,2,18,4,409.57,2,3
2005,14351.0,2011-06-28 11:56:00,164,3,1,5,51.0,1,3
2007,14353.0,2011-05-08 16:06:00,215,2,25,4,376.5,2,3
2008,14354.0,2011-12-04 11:32:00,5,5,9,5,163.62,1,3
2012,14358.0,2010-11-15 15:51:00,389,2,26,4,415.82,2,3
2015,14361.0,2010-05-10 12:29:00,578,1,14,5,214.70999999999998,1,3
2017,14363.0,2010-11-02 17:01:00,402,2,8,5,227.47000000000003,1,3
2020,14366.0,2010-07-02 17:23:00,525,1,1,5,136.0,1,3
2022,14368.0,2011-01-24 09:52:00,319,2,8,5,155.0,1,3
2023,14369.0,2010-03-07 15:47:00,642,1,26,4,469.13,2,3
2025,14371.0,2011-02-17 16:35:00,295,2,4,5,100.5,1,3
2027,14373.0,2010-12-16 15:40:00,358,2,4,5,76.55,1,3
2028,14374.0,2010-06-16 14:25:00,541,1,7,5,108.0,1,3
2030,14376.0,2010-01-25 15:36:00,683,1,18,4,215.46,1,3
2031,14377.0,2011-06-01 13:32:00,191,2,11,5,617.05,2,3
2032,14378.0,2010-03-28 12:22:00,621,1,9,5,131.25,1,3
2034,14380.0,2010-04-15 15:47:00,603,1,2,5,197.65,1,3
2038,14384.0,2010-07-27 09:53:00,500,1,3,5,58.5,1,3
2039,14385.0,2011-11-30 15:36:00,9,5,14,5,202.11,1,3
2040,14386.0,2011-02-16 09:45:00,296,2,7,5,142.4,1,3
2045,14391.0,2010-05-12 09:42:00,576,1,14,5,135.6,1,3
2046,14392.0,2010-10-03 12:56:00,432,1,14,5,266.4,1,3
2047,14393.0,2011-05-05 18:16:00,218,2,5,5,67.95,1,3
2048,14394.0,2010-05-24 10:43:00,564,1,6,5,93.8,1,3
2056,14402.0,2010-02-25 13:20:00,652,1,8,5,285.6,1,3
2059,14405.0,2010-11-18 11:40:00,386,2,2,5,195.0,1,3
2060,14406.0,2011-08-12 16:54:00,119,3,8,5,156.75,1,3
2065,14411.0,2011-02-02 10:56:00,310,2,14,5,1063.0,3,3
2077,14423.0,2011-05-05 15:12:00,218,2,16,5,918.26,3,3
2083,14429.0,2010-11-01 10:08:00,403,2,22,4,516.28,2,3
2089,14435.0,2010-07-26 12:33:00,501,1,3,5,90.42,1,3
2090,14436.0,2011-09-02 10:13:00,98,3,11,5,271.70000000000005,1,3
2092,14438.0,2011-02-06 14:56:00,306,2,9,5,131.9,1,3
2098,14444.0,2010-09-09 18:56:00,456,1,13,5,132.04,1,3
2099,14445.0,2010-09-10 11:09:00,455,1,32,4,221.65,1,3
2107,14453.0,2011-06-02 14:15:00,190,3,22,4,119.93,1,3
2111,14457.0,2011-02-02 09:39:00,310,2,4,5,113.64,1,3
2112,14458.0,2010-11-24 12:43:00,380,2,49,3,237.42,1,3
2118,14464.0,2010-05-20 18:00:00,568,1,4,5,111.0,1,3
2122,14468.0,2009-12-06 12:21:00,733,1,12,5,204.24,1,3
2127,14473.0,2011-09-26 15:10:00,74,3,7,5,234.34000000000003,1,3
2130,14476.0,2011-03-27 15:39:00,257,2,19,4,215.7,1,3
2137,14483.0,2011-07-13 09:45:00,149,3,14,5,265.0,1,3
2140,14486.0,2010-07-16 09:42:00,511,1,6,5,175.5,1,3
2149,14495.0,2011-10-20 12:28:00,50,4,8,5,183.3,1,3
2154,14500.0,2011-09-12 16:45:00,88,3,7,5,356.85,2,3
2155,14501.0,2011-10-06 20:15:00,64,3,12,5,312.11,2,3
2163,14509.0,2010-06-23 13:21:00,534,1,25,4,110.95,1,3
2170,14516.0,2010-07-11 14:07:00,516,1,37,4,163.92,1,3
2172,14518.0,2011-10-06 14:43:00,64,3,16,5,174.37,1,3
2173,14519.0,2010-01-25 11:18:00,683,1,39,3,206.09,1,3
2174,14520.0,2011-12-08 09:46:00,1,5,4,5,270.6,1,3
2175,14521.0,2010-08-19 13:04:00,477,1,20,4,231.25,1,3
2177,14523.0,2011-08-23 13:13:00,108,3,12,5,241.09,1,3
2180,14526.0,2010-11-15 13:32:00,389,2,42,3,262.4,1,3
2185,14531.0,2010-08-17 10:16:00,479,1,29,4,376.34,2,3
2190,14536.0,2011-03-25 12:21:00,259,2,19,4,171.8,1,3
2196,14542.0,2011-06-07 08:19:00,185,3,5,5,103.25,1,3
2199,14545.0,2010-02-03 15:23:00,674,1,23,4,349.25,2,3
2213,14559.0,2010-11-14 16:05:00,390,2,2,5,75.6,1,3
2225,14571.0,2010-10-10 15:06:00,425,1,31,4,161.65,1,3
2228,14574.0,2009-12-07 12:42:00,732,1,11,5,143.70000000000002,1,3
2230,14576.0,2010-12-02 17:51:00,372,2,2,5,70.80000000000001,1,3
2233,14579.0,2010-10-03 14:36:00,432,1,25,4,105.56,1,3
2234,14580.0,2010-07-09 15:20:00,518,1,1,5,14.850000000000001,1,3
2236,14582.0,2011-10-30 11:56:00,40,4,6,5,114.11,1,3
2240,14586.0,2011-04-26 17:32:00,227,2,27,4,340.56,2,3
2242,14588.0,2010-05-10 15:08:00,578,1,16,5,135.39,1,3
2243,14589.0,2010-12-03 11:42:00,371,2,6,5,79.5,1,3
2250,14596.0,2010-03-23 12:13:00,626,1,57,3,229.47,1,3
2255,14601.0,2011-11-29 09:48:00,10,5,7,5,213.96,1,3
2256,14602.0,2010-02-21 15:47:00,656,1,31,4,205.35999999999999,1,3
2257,14603.0,2011-03-10 10:27:00,274,2,2,5,660.0,3,3
2258,14604.0,2010-03-16 13:00:00,633,1,23,4,143.85999999999999,1,3
2264,14610.0,2010-11-09 10:58:00,395,2,10,5,24.35,1,3
2266,14612.0,2010-10-20 16:01:00,415,1,14,5,877.7,3,3
2267,14613.0,2010-01-28 13:02:00,680,1,1,5,76.32000000000001,1,3
2268,14614.0,2010-11-18 13:04:00,386,2,19,4,295.13,2,3
2270,14616.0,2011-04-11 09:54:00,242,2,5,5,527.78,2,3
2271,14617.0,2010-11-02 11:41:00,402,2,9,5,190.47000000000003,1,3
2274,14620.0,2011-05-19 14:14:00,204,2,30,4,432.28000000000003,2,3
2284,14630.0,2010-08-12 16:38:00,484,1,21,4,338.65,2,3
2286,14632.0,2011-03-22 08:49:00,262,2,8,5,114.56,1,3
2287,14633.0,2011-03-18 17:07:00,266,2,20,4,344.90000000000003,2,3
2289,14635.0,2010-09-12 10:47:00,453,1,15,5,215.22,1,3
2291,14637.0,2010-01-31 15:52:00,677,1,7,5,106.67999999999999,1,3
2295,14641.0,2011-11-18 10:42:00,21,4,7,5,110.46,1,3
2296,14642.0,2011-10-12 11:08:00,58,4,2,5,96.12,1,3
2304,14650.0,2010-04-29 20:27:00,589,1,4,5,62.5,1,3
2306,14652.0,2011-09-23 14:21:00,77,3,29,4,114.18,1,3
2308,14654.0,2009-12-01 12:57:00,738,1,27,4,246.86,1,3
2314,14660.0,2011-09-14 11:34:00,86,3,30,4,285.74,1,3
2315,14661.0,2011-11-13 11:51:00,26,4,4,5,107.95,1,3
2320,14666.0,2011-11-15 12:57:00,24,4,14,5,195.25,1,3
2322,14668.0,2010-09-20 15:03:00,445,1,12,5,111.63,1,3
2328,14674.0,2010-07-18 14:25:00,509,1,14,5,173.66,1,3
2331,14677.0,2010-04-26 09:48:00,592,1,14,5,184.91,1,3
2332,14678.0,2010-05-17 14:27:00,571,1,25,4,420.34000000000003,2,3
2337,14683.0,2010-04-30 17:18:00,588,1,21,4,146.56,1,3
2343,14689.0,2011-05-15 11:22:00,208,2,13,5,112.8,1,3
2348,14694.0,2010-04-01 19:46:00,617,1,15,5,244.31,1,3
2351,14697.0,2011-05-05 15:39:00,218,2,22,4,188.60999999999999,1,3
2359,14705.0,2011-05-25 12:39:00,198,2,1,5,179.0,1,3
2360,14706.0,2010-03-31 11:09:00,618,1,28,4,390.69,2,3
2361,14707.0,2010-09-30 11:37:00,435,1,2,5,139.2,1,3
2371,14717.0,2009-12-06 13:05:00,733,1,12,5,89.8,1,3
2372,14718.0,2010-10-25 13:07:00,410,2,11,5,226.42,1,3
2375,14721.0,2010-11-25 13:08:00,379,2,27,4,115.77,1,3
2380,14726.0,2010-02-23 12:35:00,654,1,19,4,124.75,1,3
2382,14728.0,2010-10-22 15:57:00,413,2,14,5,190.58,1,3
2396,14742.0,2010-09-30 14:07:00,435,1,34,4,579.85,2,3
2397,14743.0,2010-04-26 10:26:00,592,1,3,5,50.48,1,3
2400,14746.0,2010-10-29 14:44:00,406,2,9,5,593.5,2,3
2401,14747.0,2011-04-06 10:17:00,247,2,19,4,362.1,2,3
2403,14749.0,2010-08-17 12:36:00,479,1,18,4,310.15,2,3
2404,14750.0,2009-12-03 17:57:00,736,1,32,4,112.03,1,3
2405,14751.0,2010-01-24 13:37:00,684,1,7,5,126.45,1,3
2414,14760.0,2011-02-18 14:36:00,294,2,7,5,124.60000000000001,1,3
2416,14762.0,2011-03-21 08:20:00,263,2,30,4,417.57,2,3
2417,14763.0,2009-12-07 17:59:00,732,1,1,5,9.95,1,3
2421,14767.0,2010-08-22 14:54:00,474,1,18,4,382.81,2,3
2422,14768.0,2011-11-22 12:54:00,17,5,6,5,245.70000000000002,1,3
2426,14772.0,2011-08-19 15:04:00,112,3,9,5,139.26,1,3
2427,14773.0,2010-04-30 10:30:00,588,1,11,5,155.4,1,3
2428,14774.0,2010-06-29 12:26:00,528,1,13,5,241.45,1,3
2435,14781.0,2010-10-15 15:25:00,420,1,1,5,530.31,2,3
2436,14782.0,2011-01-24 11:12:00,319,2,6,5,200.10000000000002,1,3
2437,14783.0,2010-02-22 16:08:00,655,1,18,4,309.25,2,3
2439,14785.0,2011-11-29 13:21:00,10,5,3,5,77.4,1,3
2440,14786.0,2010-06-07 13:42:00,550,1,7,5,90.96,1,3
2441,14787.0,2010-08-25 14:38:00,471,1,15,5,110.65,1,3
2443,14789.0,2011-11-11 08:59:00,28,4,6,5,197.64,1,3
2445,14791.0,2010-04-12 10:24:00,606,1,19,4,303.63,2,3
2446,14792.0,2011-10-07 09:19:00,63,3,4,5,12.4,1,3
2449,14795.0,2011-06-26 13:04:00,166,3,6,5,131.45000000000002,1,3
2451,14797.0,2010-07-20 14:07:00,507,1,16,5,300.31,2,3
2465,14811.0,2010-11-17 13:09:00,387,2,28,4,170.5,1,3
2466,14812.0,2010-04-20 12:13:00,598,1,37,4,185.8,1,3
2468,14814.0,2010-05-07 14:10:00,581,1,32,4,160.46,1,3
2470,14816.0,2011-05-26 13:16:00,197,2,4,5,271.85,1,3
2476,14822.0,2010-08-11 12:52:00,485,1,9,5,157.70000000000002,1,3
2480,14826.0,2010-05-07 09:00:00,581,1,10,5,385.2,2,3
2481,14827.0,2010-02-12 15:47:00,665,1,1,5,0.0,1,3
2486,14832.0,2010-03-19 15:15:00,630,1,3,5,920.01,3,3
2487,14833.0,2010-07-29 10:06:00,498,1,7,5,94.8,1,3
2489,14835.0,2010-06-30 17:30:00,527,1,3,5,300.9,2,3
2490,14836.0,2011-11-29 16:45:00,10,5,6,5,102.44999999999999,1,3
2494,14840.0,2011-03-17 12:00:00,267,2,24,4,385.21,2,3
2497,14843.0,2010-09-29 12:39:00,436,1,9,5,211.79999999999998,1,3
2499,14845.0,2010-04-19 10:19:00,599,1,1,5,150.0,1,3
2500,14846.0,2010-10-12 15:30:00,423,1,13,5,468.0,2,3
2502,14848.0,2010-10-31 12:22:00,404,2,11,5,310.56,2,3
2512,14858.0,2010-07-22 10:51:00,505,1,11,5,180.75,1,3
2514,14860.0,2011-12-01 09:44:00,8,5,12,5,172.02,1,3
2517,14863.0,2011-11-10 15:04:00,29,4,11,5,266.76,1,3
2518,14864.0,2009-12-08 17:07:00,731,1,2,5,48.75,1,3
2519,14865.0,2011-12-02 16:25:00,7,5,9,5,129.72,1,3
2528,14874.0,2010-06-22 14:58:00,535,1,6,5,116.18,1,3
2530,14876.0,2010-07-06 14:57:00,521,1,13,5,256.7,1,3
2533,14879.0,2010-01-24 11:35:00,684,1,27,4,185.06,1,3
2535,14881.0,2011-11-20 11:06:00,19,4,17,4,255.4,1,3
2538,14884.0,2010-02-08 12:56:00,669,1,8,5,120.6,1,3
2540,14886.0,2011-04-01 08:56:00,252,2,18,4,364.8,2,3
2542,14888.0,2011-05-16 14:58:00,207,2,20,4,369.2,2,3
2543,14889.0,2011-01-07 15:19:00,336,2,10,5,135.9,1,3
2546,14892.0,2010-01-18 08:58:00,690,1,13,5,202.35000000000002,1,3
2554,14900.0,2010-07-05 15:09:00,522,1,1,5,13.919999999999998,1,3
2560,14906.0,2010-09-20 16:33:00,445,1,3,5,203.86,1,3
2562,14908.0,2011-09-26 12:56:00,74,3,14,5,381.9,2,3
2568,14914.0,2010-04-13 10:14:00,605,1,1,5,5.85,1,3
2573,14919.0,2010-06-18 13:06:00,539,1,13,5,359.35,2,3
2579,14925.0,2009-12-08 13:44:00,731,1,1,5,7.95,1,3
2580,14926.0,2010-11-23 07:13:00,381,2,4,5,381.15,2,3
2581,14927.0,2010-11-08 12:30:00,396,2,20,4,308.2,2,3
2582,14928.0,2010-03-30 15:51:00,619,1,24,4,243.36,1,3
2593,14939.0,2010-03-19 12:35:00,630,1,1,5,934.66,3,3
2594,14940.0,2010-10-18 10:47:00,417,1,32,4,531.49,2,3
2595,14941.0,2010-05-10 11:30:00,578,1,7,5,182.1,1,3
2597,14943.0,2010-02-14 16:04:00,663,1,5,5,107.62,1,3
2599,14945.0,2010-10-22 11:26:00,413,2,11,5,179.4,1,3
2600,14946.0,2011-11-25 13:33:00,14,5,3,5,100.9,1,3
2603,14949.0,2010-09-06 12:16:00,459,1,30,4,531.45,2,3
2609,14955.0,2009-12-07 11:35:00,732,1,31,4,163.77,1,3
2611,14957.0,2011-03-31 17:59:00,253,2,29,4,333.29,2,3
2616,14962.0,2011-03-14 09:42:00,270,2,14,5,366.91,2,3
2618,14964.0,2011-04-06 14:13:00,247,2,13,5,206.21,1,3
2623,14969.0,2010-01-05 12:43:00,703,1,13,5,906.23,3,3
2626,14972.0,2011-08-03 14:54:00,128,3,20,4,145.07,1,3
2628,14974.0,2011-11-02 13:01:00,37,4,21,4,114.39,1,3
2631,14977.0,2009-12-14 10:37:00,725,1,4,5,31.929999999999996,1,3
2634,14980.0,2009-12-02 14:09:00,737,1,24,4,150.68,1,3
2635,14981.0,2011-04-07 13:45:00,246,2,24,4,432.32,2,3
2636,14982.0,2010-05-16 15:52:00,572,1,39,3,237.78,1,3
2637,14983.0,2010-01-19 17:32:00,689,1,30,4,183.20000000000002,1,3
2643,14989.0,2010-02-16 10:40:00,661,1,18,4,342.4,2,3
2645,14991.0,2010-10-05 13:01:00,430,1,21,4,314.67,2,3
2646,14992.0,2010-09-23 17:48:00,442,1,27,4,210.5,1,3
2647,14993.0,2010-05-25 12:47:00,563,1,10,5,36.13,1,3
2653,14999.0,2010-04-26 10:47:00,592,1,9,5,129.48000000000002,1,3
2655,15001.0,2010-11-10 13:51:00,394,2,54,3,230.85999999999999,1,3
2661,15007.0,2011-07-03 16:00:00,159,3,12,5,156.91,1,3
2662,15008.0,2010-08-16 13:09:00,480,1,12,5,360.0,2,3
2665,15011.0,2010-11-09 11:10:00,395,2,20,4,416.6,2,3
2668,15014.0,2011-10-27 20:07:00,43,4,35,4,260.17,1,3
2671,15017.0,2011-11-06 10:33:00,33,4,20,4,125.58,1,3
2673,15019.0,2011-03-18 12:35:00,266,2,70,3,266.0,1,3
2674,15020.0,2010-11-25 13:29:00,379,2,28,4,203.42,1,3
2683,15029.0,2010-03-31 16:04:00,618,1,11,5,368.05,2,3
2689,15035.0,2011-09-11 11:08:00,89,3,27,4,252.73000000000002,1,3
2694,15040.0,2010-06-16 11:40:00,541,1,1,5,7.49,1,3
2696,15042.0,2011-05-24 16:25:00,199,2,9,5,315.45,2,3
2701,15047.0,2011-03-15 10:49:00,269,2,22,4,343.62,2,3
2703,15049.0,2011-03-11 12:13:00,273,2,3,5,121.17000000000002,1,3
2706,15052.0,2011-01-24 15:52:00,319,2,30,4,215.78,1,3
2710,15056.0,2010-07-07 15:58:00,520,1,7,5,133.45,1,3
2717,15063.0,2011-05-10 13:25:00,213,2,5,5,370.79999999999995,2,3
2726,15072.0,2010-08-17 15:46:00,479,1,13,5,187.51999999999998,1,3
2734,15080.0,2010-10-08 11:52:00,427,1,31,4,546.25,2,3
2736,15082.0,2010-02-09 10:23:00,668,1,6,5,93.35000000000001,1,3
2737,15083.0,2011-03-28 12:18:00,256,2,5,5,88.2,1,3
2739,15085.0,2009-12-10 11:47:00,729,1,9,5,347.54,2,3
2740,15086.0,2010-05-24 12:27:00,564,1,11,5,218.53,1,3
2741,15087.0,2011-03-03 10:34:00,281,2,15,5,306.94,2,3
2744,15090.0,2011-02-04 14:03:00,308,2,23,4,381.32,2,3
2748,15094.0,2010-09-02 16:55:00,463,1,5,5,83.0,1,3
2750,15096.0,2011-10-28 10:27:00,42,4,11,5,219.39000000000001,1,3
2756,15102.0,2010-06-27 12:16:00,530,1,27,4,554.67,2,3
2766,15112.0,2010-04-07 14:17:00,611,1,7,5,209.4,1,3
2772,15118.0,2011-07-28 14:54:00,134,3,1,5,244.8,1,3
2773,15119.0,2011-04-08 09:08:00,245,2,14,5,266.4,1,3
2780,15126.0,2010-06-21 12:31:00,536,1,25,4,449.49,2,3
2785,15131.0,2010-11-10 12:07:00,394,2,7,5,80.28,1,3
2789,15135.0,2011-04-20 15:58:00,233,2,21,4,317.58,2,3
2792,15138.0,2010-11-19 14:28:00,385,2,33,4,518.45,2,3
2793,15139.0,2011-04-14 11:39:00,239,2,13,5,178.96,1,3
2797,15143.0,2011-04-28 12:03:00,225,2,31,4,563.63,2,3
2809,15155.0,2010-11-21 12:59:00,383,2,24,4,383.96999999999997,2,3
2814,15160.0,2010-12-17 14:15:00,357,2,23,4,589.27,2,3
2815,15161.0,2010-11-16 16:08:00,388,2,33,4,119.92,1,3
2816,15162.0,2009-12-11 11:31:00,728,1,16,5,384.3,2,3
2820,15166.0,2010-08-29 12:31:00,467,1,12,5,167.16,1,3
2822,15168.0,2011-11-14 11:26:00,25,4,5,5,106.56,1,3
2824,15170.0,2010-10-29 10:34:00,406,2,4,5,81.15,1,3
2828,15174.0,2011-01-21 09:06:00,322,2,34,4,481.46,2,3
2829,15175.0,2011-09-29 11:31:00,71,3,23,4,224.14,1,3
2832,15178.0,2011-03-24 15:12:00,260,2,3,5,40.5,1,3
2842,15188.0,2009-12-14 13:30:00,725,1,23,4,310.43,2,3
2845,15191.0,2010-09-02 15:37:00,463,1,35,4,588.05,2,3
2854,15200.0,2010-08-02 09:38:00,494,1,30,4,549.05,2,3
2858,15204.0,2010-12-17 13:49:00,357,2,9,5,316.58,2,3
2863,15209.0,2009-12-09 17:26:00,730,1,13,5,178.98000000000002,1,3
2866,15212.0,2011-04-14 13:12:00,239,2,12,5,221.13,1,3
2867,15213.0,2011-01-25 12:25:00,318,2,25,4,331.65,2,3
2871,15217.0,2010-05-25 13:51:00,563,1,28,4,426.24,2,3
2879,15225.0,2011-04-19 14:51:00,234,2,23,4,409.40000000000003,2,3
2880,15226.0,2011-02-02 11:41:00,310,2,8,5,154.41,1,3
2883,15229.0,2010-05-02 13:50:00,586,1,9,5,160.5,1,3
2884,15230.0,2011-04-14 14:39:00,239,2,23,4,429.6,2,3
2885,15231.0,2010-04-22 18:12:00,596,1,17,4,272.16,1,3
2887,15233.0,2010-11-03 13:36:00,401,2,1,5,59.400000000000006,1,3
2888,15234.0,2011-03-08 08:53:00,276,2,14,5,197.0,1,3
2890,15236.0,2011-02-14 10:52:00,298,2,15,5,321.05,2,3
2896,15242.0,2010-10-13 15:33:00,422,1,4,5,302.04,2,3
2904,15250.0,2010-03-09 07:35:00,640,1,3,5,60.0,1,3
2910,15256.0,2011-07-14 11:47:00,148,3,10,5,170.4,1,3
2911,15257.0,2011-03-03 13:57:00,281,2,13,5,770.9,3,3
2916,15262.0,2011-01-20 12:16:00,323,2,26,4,418.82,2,3
2917,15263.0,2011-08-25 10:26:00,106,3,12,5,156.51,1,3
2927,15273.0,2010-04-19 11:31:00,599,1,1,5,228.96,1,3
2932,15278.0,2010-05-27 10:03:00,561,1,29,4,496.15999999999997,2,3
2936,15282.0,2010-05-18 16:27:00,570,1,27,4,348.59,2,3
2937,15283.0,2010-11-14 14:54:00,390,2,10,5,161.23000000000002,1,3
2938,15284.0,2010-07-27 13:25:00,500,1,1,5,24.75,1,3
2939,15285.0,2010-10-28 09:46:00,407,2,6,5,94.92,1,3
2940,15286.0,2011-10-21 11:08:00,49,4,3,5,240.55,1,3
2946,15292.0,2011-05-22 15:00:00,201,2,25,4,180.94,1,3
2947,15293.0,2010-02-12 11:54:00,665,1,19,4,247.5,1,3
2948,15294.0,2010-11-04 17:45:00,400,2,17,4,244.4,1,3
2949,15295.0,2010-02-23 13:03:00,654,1,53,3,217.23999999999998,1,3
2956,15302.0,2009-12-17 17:39:00,722,1,16,5,324.95,2,3
2959,15305.0,2010-06-02 13:50:00,555,1,5,5,93.6,1,3
2961,15307.0,2011-09-05 11:38:00,95,3,12,5,205.3,1,3
2962,15308.0,2011-03-14 12:24:00,270,2,21,4,318.67,2,3
2967,15313.0,2011-08-21 16:02:00,110,3,1,5,52.0,1,3
2970,15316.0,2011-01-17 11:34:00,326,2,1,5,165.0,1,3
2971,15317.0,2010-01-31 15:55:00,677,1,6,5,147.45000000000002,1,3
2973,15319.0,2011-03-01 12:48:00,283,2,16,5,204.5,1,3
2974,15320.0,2011-10-26 13:27:00,44,4,36,4,267.13,1,3
2977,15323.0,2010-06-24 15:49:00,533,1,37,4,548.3,2,3
2978,15324.0,2010-01-07 14:37:00,701,1,8,5,140.22000000000003,1,3
2981,15327.0,2011-10-18 11:55:00,52,4,10,5,208.75,1,3
2982,15328.0,2010-10-28 09:05:00,407,2,8,5,107.24,1,3
2987,15333.0,2011-05-15 13:27:00,208,2,16,5,1028.56,3,3
2989,15335.0,2011-10-17 12:50:00,53,4,36,4,173.97,1,3
2990,15336.0,2010-11-03 12:39:00,401,2,15,5,240.5,1,3
2991,15337.0,2010-11-02 10:34:00,402,2,24,4,401.32,2,3
2992,15338.0,2010-01-31 14:25:00,677,1,60,3,283.43,1,3
2994,15340.0,2010-05-27 10:27:00,561,1,7,5,105.5,1,3
3000,15346.0,2011-01-11 11:18:00,332,2,38,4,600.59,2,3
3002,15348.0,2011-09-28 13:17:00,72,3,9,5,158.04,1,3
3006,15352.0,2010-06-09 11:28:00,548,1,37,4,114.95,1,3
3008,15354.0,2010-04-20 11:45:00,598,1,7,5,663.6,3,3
3009,15355.0,2011-11-10 13:44:00,29,4,14,5,277.05,1,3
3011,15357.0,2010-01-26 16:49:00,682,1,1,5,36.75,1,3
3013,15359.0,2010-06-03 10:42:00,554,1,17,4,200.1,1,3
3015,15361.0,2010-12-13 09:52:00,361,2,10,5,689.07,3,3
3025,15371.0,2010-02-15 13:14:00,662,1,1,5,59.400000000000006,1,3
3028,15374.0,2011-08-03 09:59:00,128,3,10,5,307.32,2,3
3029,15375.0,2010-01-18 15:38:00,690,1,6,5,60.959999999999994,1,3
3032,15378.0,2010-09-03 11:30:00,462,1,12,5,246.5,1,3
3037,15383.0,2010-01-26 16:24:00,682,1,1,5,10.5,1,3
3041,15387.0,2010-08-04 16:05:00,492,1,20,4,468.65,2,3
3042,15388.0,2011-03-14 13:53:00,270,2,10,5,140.54,1,3
3045,15391.0,2010-05-18 12:11:00,570,1,13,5,296.82,2,3
3049,15395.0,2011-01-18 12:40:00,325,2,7,5,107.45,1,3
3051,15397.0,2011-02-23 09:25:00,289,2,6,5,94.0,1,3
3055,15401.0,2010-09-13 13:42:00,452,1,14,5,216.95000000000002,1,3
3057,15403.0,2010-08-05 12:21:00,491,1,8,5,170.88,1,3
3058,15404.0,2010-11-29 11:03:00,375,2,16,5,257.06,1,3
3062,15408.0,2011-03-20 15:02:00,264,2,34,4,267.18,1,3
3063,15409.0,2010-01-07 11:52:00,701,1,12,5,145.3,1,3
3066,15412.0,2011-06-21 15:24:00,171,3,10,5,190.53,1,3
3073,15419.0,2011-11-15 09:23:00,24,4,8,5,135.86,1,3
3078,15424.0,2011-03-30 13:02:00,254,2,33,4,597.78,2,3
3085,15431.0,2010-07-25 12:44:00,502,1,2,5,153.24,1,3
3089,15435.0,2011-11-17 16:39:00,22,4,29,4,149.29,1,3
3092,15438.0,2011-07-31 14:19:00,131,3,25,4,156.57999999999998,1,3
3096,15442.0,2011-04-05 12:24:00,248,2,2,5,594.0,2,3
3099,15445.0,2011-03-20 15:06:00,264,2,14,5,284.5,1,3
3101,15447.0,2011-01-13 11:26:00,330,2,30,4,500.83,2,3
3105,15451.0,2010-10-01 13:40:00,434,1,63,3,233.21,1,3
3109,15455.0,2010-04-21 12:43:00,597,1,2,5,38.25,1,3
3111,15457.0,2011-03-22 15:31:00,262,2,58,3,237.07,1,3
3113,15459.0,2010-10-18 15:25:00,417,1,7,5,202.82999999999998,1,3
3114,15460.0,2010-12-20 16:08:00,354,2,58,3,216.76,1,3
3115,15461.0,2010-09-05 12:31:00,460,1,5,5,468.1,2,3
3117,15463.0,2011-11-10 12:57:00,29,4,7,5,126.14,1,3
3124,15470.0,2010-05-13 09:35:00,575,1,4,5,63.419999999999995,1,3
3128,15474.0,2010-04-23 11:14:00,595,1,20,4,163.1,1,3
3131,15477.0,2010-02-28 10:37:00,649,1,2,5,368.4,2,3
3133,15479.0,2009-12-06 15:08:00,733,1,9,5,147.4,1,3
3140,15486.0,2010-06-30 13:15:00,527,1,1,5,102.0,1,3
3141,15487.0,2010-01-29 12:07:00,679,1,14,5,231.32,1,3
3142,15488.0,2011-09-08 10:11:00,92,3,11,5,431.92,2,3
3144,15490.0,2010-10-05 13:14:00,430,1,29,4,247.1,1,3
3149,15495.0,2010-11-25 13:46:00,379,2,20,4,246.5,1,3
3150,15496.0,2010-03-18 13:16:00,631,1,22,4,146.14000000000001,1,3
3153,15499.0,2009-12-16 12:17:00,723,1,42,3,161.6,1,3
3163,15509.0,2010-11-24 14:48:00,380,2,29,4,166.51,1,3
3164,15510.0,2011-01-13 12:10:00,330,2,1,5,250.0,1,3
3169,15515.0,2010-11-17 13:39:00,387,2,7,5,171.81,1,3
3170,15516.0,2011-10-26 10:51:00,44,4,15,5,62.43,1,3
3171,15517.0,2011-04-20 14:02:00,233,2,27,4,267.03,1,3
3173,15519.0,2010-11-21 14:35:00,383,2,37,4,344.61,2,3
3180,15526.0,2011-11-06 15:04:00,33,4,4,5,148.44,1,3
3182,15528.0,2011-03-30 16:14:00,254,2,26,4,229.33,1,3
3188,15534.0,2009-12-14 12:48:00,725,1,8,5,162.25,1,3
3190,15536.0,2010-10-26 16:31:00,409,2,16,5,259.09,1,3
3191,15537.0,2011-06-29 13:10:00,163,3,24,4,110.92,1,3
3195,15541.0,2011-08-17 14:58:00,114,3,29,4,85.13000000000001,1,3
3197,15543.0,2011-02-24 15:26:00,288,2,58,3,242.84,1,3
3202,15548.0,2010-04-23 12:20:00,595,1,23,4,158.09,1,3
3206,15552.0,2011-05-06 14:47:00,217,2,30,4,252.52,1,3
3208,15554.0,2011-03-07 09:00:00,277,2,14,5,217.2,1,3
3210,15556.0,2011-11-15 16:08:00,24,4,31,4,279.77,1,3
3212,15558.0,2010-03-10 15:30:00,639,1,26,4,284.93,1,3
3214,15560.0,2010-11-07 10:15:00,397,2,10,5,153.52,1,3
3218,15564.0,2010-09-02 15:52:00,463,1,4,5,70.74000000000001,1,3
3219,15565.0,2011-10-20 14:33:00,50,4,8,5,173.16,1,3
3220,15566.0,2010-11-12 12:11:00,392,2,12,5,227.87,1,3
3221,15567.0,2011-11-21 10:48:00,18,5,7,5,186.01,1,3
3229,15575.0,2010-03-30 12:50:00,619,1,3,5,30.1,1,3
3232,15578.0,2011-06-30 13:03:00,162,3,13,5,127.1,1,3
3237,15583.0,2010-11-28 15:04:00,376,2,46,3,107.86,1,3
3242,15588.0,2010-01-31 12:19:00,677,1,4,5,579.6,2,3
3243,15589.0,2011-04-01 11:22:00,252,2,30,4,500.48,2,3
3245,15591.0,2010-05-06 09:23:00,582,1,7,5,217.9,1,3
3247,15593.0,2011-09-30 11:46:00,70,3,5,5,199.8,1,3
3249,15595.0,2010-08-09 12:27:00,487,1,4,5,357.6,2,3
3257,15603.0,2011-09-22 10:04:00,78,3,5,5,102.23,1,3
3258,15604.0,2011-10-18 14:47:00,52,4,17,4,216.39,1,3
3264,15610.0,2011-10-19 10:36:00,51,4,6,5,112.46000000000001,1,3
3266,15612.0,2011-11-03 14:52:00,36,4,6,5,195.15,1,3
3267,15613.0,2010-04-08 12:51:00,610,1,27,4,433.71999999999997,2,3
3270,15616.0,2010-09-27 13:10:00,438,1,13,5,317.11,2,3
3281,15627.0,2010-09-08 14:14:00,457,1,24,4,566.9,2,3
3289,15635.0,2010-11-09 08:58:00,395,2,2,5,100.35,1,3
3296,15642.0,2009-12-10 11:51:00,729,1,6,5,105.78000000000002,1,3
3301,15647.0,2010-10-20 15:09:00,415,1,11,5,169.0,1,3
3304,15650.0,2010-07-12 16:02:00,515,1,37,4,568.73,2,3
3309,15655.0,2011-04-20 16:28:00,233,2,37,4,610.02,2,3
3311,15657.0,2011-11-17 12:19:00,22,4,1,5,30.0,1,3
3316,15662.0,2010-02-16 16:47:00,661,1,12,5,283.73,1,3
3317,15663.0,2011-08-25 15:50:00,106,3,9,5,138.14,1,3
3322,15668.0,2011-05-06 10:39:00,217,2,1,5,76.32000000000001,1,3
3324,15670.0,2011-02-16 10:50:00,296,2,20,4,335.2,2,3
3326,15672.0,2009-12-14 16:52:00,725,1,3,5,45.300000000000004,1,3
3336,15682.0,2010-04-19 15:30:00,599,1,26,4,319.49,2,3
3338,15684.0,2010-06-10 18:51:00,547,1,14,5,200.1,1,3
3339,15685.0,2010-09-15 13:43:00,450,1,17,4,55.980000000000004,1,3
3340,15686.0,2010-10-15 13:50:00,420,1,1,5,90.0,1,3
3342,15688.0,2010-10-17 12:06:00,418,1,27,4,190.57,1,3
3345,15691.0,2011-04-01 15:13:00,252,2,15,5,630.8,3,3
3346,15692.0,2011-11-11 14:12:00,28,4,12,5,191.04,1,3
3347,15693.0,2010-02-18 14:37:00,659,1,1,5,37.5,1,3
3351,15697.0,2010-01-19 09:10:00,689,1,14,5,246.75,1,3
3352,15698.0,2010-03-25 17:38:00,624,1,2,5,46.2,1,3
3356,15702.0,2010-08-20 14:50:00,476,1,30,4,140.39000000000001,1,3
3357,15703.0,2011-03-20 10:51:00,264,2,5,5,211.5,1,3
3359,15705.0,2011-05-22 15:37:00,201,2,6,5,143.1,1,3
3363,15709.0,2011-03-01 10:38:00,283,2,27,4,327.85,2,3
3365,15711.0,2010-06-01 12:14:00,556,1,25,4,420.25,2,3
3371,15717.0,2011-04-19 13:21:00,234,2,24,4,607.0,2,3
3372,15718.0,2010-06-17 16:20:00,540,1,18,4,293.79,2,3
3378,15724.0,2011-05-22 14:40:00,201,2,20,4,321.9,2,3
3380,15726.0,2010-11-14 16:12:00,390,2,23,4,321.91,2,3
3383,15729.0,2011-05-25 16:43:00,198,2,13,5,230.4,1,3
3385,15731.0,2010-06-04 10:10:00,553,1,8,5,125.3,1,3
3387,15733.0,2011-03-02 09:05:00,282,2,10,5,162.3,1,3
3389,15735.0,2010-10-14 13:38:00,421,1,19,4,327.68,2,3
3393,15739.0,2011-10-04 13:42:00,66,3,8,5,449.12,2,3
3394,15740.0,2011-10-21 14:29:00,49,4,9,5,154.88,1,3
3395,15741.0,2010-09-07 16:21:00,458,1,12,5,208.62,1,3
3396,15742.0,2010-03-30 15:25:00,619,1,41,3,156.87,1,3
3398,15744.0,2011-09-23 09:52:00,77,3,3,5,34.8,1,3
3400,15746.0,2011-07-28 15:27:00,134,3,29,4,210.79999999999998,1,3
3407,15753.0,2011-02-08 12:41:00,304,2,1,5,79.2,1,3
3412,15758.0,2011-11-15 10:48:00,24,4,9,5,205.25,1,3
3415,15761.0,2010-09-23 09:33:00,442,1,5,5,143.05,1,3
3419,15765.0,2010-02-11 10:25:00,666,1,25,4,370.63,2,3
3421,15767.0,2010-03-08 15:48:00,641,1,9,5,242.70000000000002,1,3
3424,15770.0,2010-04-06 11:47:00,612,1,18,4,321.45,2,3
3426,15772.0,2010-10-17 13:33:00,418,1,16,5,280.88,1,3
3429,15775.0,2011-04-08 12:56:00,245,2,9,5,150.5,1,3
3430,15776.0,2011-07-29 13:46:00,133,3,18,4,241.62,1,3
3432,15778.0,2010-10-04 15:10:00,431,1,17,4,307.95,2,3
3433,15779.0,2010-09-02 16:40:00,463,1,8,5,124.08000000000001,1,3
3437,15783.0,2011-11-29 09:50:00,10,5,14,5,246.3,1,3
3442,15788.0,2010-07-27 12:31:00,500,1,15,5,228.13,1,3
3448,15794.0,2009-12-03 13:04:00,736,1,15,5,777.0,3,3
3470,15816.0,2010-06-15 13:36:00,542,1,12,5,194.99999999999997,1,3
3472,15818.0,2010-04-30 12:58:00,588,1,11,5,340.5,2,3
3474,15820.0,2011-01-24 12:00:00,319,2,17,4,206.98,1,3
3487,15833.0,2009-12-02 11:59:00,737,1,5,5,80.4,1,3
3490,15836.0,2011-10-25 15:37:00,45,4,12,5,157.27,1,3
3496,15842.0,2010-11-16 17:58:00,388,2,28,4,568.85,2,3
3497,15843.0,2011-02-09 10:19:00,303,2,8,5,118.95000000000002,1,3
3498,15844.0,2011-10-24 15:19:00,46,4,11,5,130.73999999999998,1,3
3500,15846.0,2010-11-19 14:40:00,385,2,29,4,107.01,1,3
3502,15848.0,2010-03-28 10:54:00,621,1,35,4,139.94,1,3
3505,15851.0,2010-07-01 12:34:00,526,1,8,5,109.73,1,3
3506,15852.0,2011-06-06 11:22:00,186,3,33,4,257.26,1,3
3507,15853.0,2011-10-19 10:38:00,51,4,30,4,110.8,1,3
3513,15859.0,2010-10-03 12:52:00,432,1,22,4,438.46,2,3
3522,15868.0,2010-05-05 14:11:00,583,1,4,5,94.53,1,3
3523,15869.0,2011-03-07 17:23:00,277,2,35,4,323.65999999999997,2,3
3525,15871.0,2010-09-28 14:16:00,437,1,5,5,33.099999999999994,1,3
3527,15873.0,2010-08-04 11:51:00,492,1,9,5,489.6,2,3
3529,15875.0,2010-03-03 16:51:00,646,1,25,4,111.72,1,3
3535,15881.0,2011-01-31 16:59:00,312,2,32,4,564.54,2,3
3538,15884.0,2010-10-03 15:55:00,432,1,16,5,255.65,1,3
3544,15890.0,2010-11-10 12:46:00,394,2,10,5,535.65,2,3
3546,15892.0,2010-02-08 16:23:00,669,1,38,4,128.2,1,3
3547,15893.0,2010-08-15 11:12:00,481,1,1,5,305.28000000000003,2,3
3549,15895.0,2011-07-13 10:27:00,149,3,11,5,179.17,1,3
3551,15897.0,2011-05-29 13:50:00,194,2,24,4,222.05,1,3
3553,15899.0,2010-12-06 10:36:00,368,2,8,5,112.5,1,3
3556,15902.0,2010-11-24 16:57:00,380,2,18,4,145.01,1,3
3559,15905.0,2010-06-14 16:00:00,543,1,22,4,114.69,1,3
3563,15909.0,2011-06-19 10:38:00,173,3,7,5,191.94,1,3
3567,15913.0,2010-06-23 16:31:00,534,1,1,5,6.300000000000001,1,3
3568,15914.0,2010-11-26 16:10:00,378,2,13,5,205.99,1,3
3577,15923.0,2010-12-02 12:16:00,372,2,42,3,254.16,1,3
3578,15924.0,2009-12-08 15:00:00,731,1,15,5,102.82,1,3
3579,15925.0,2011-05-29 15:35:00,194,2,12,5,207.15,1,3
3580,15926.0,2010-06-15 15:23:00,542,1,7,5,134.44,1,3
3581,15927.0,2010-03-02 13:25:00,647,1,17,4,123.39,1,3
3582,15928.0,2010-02-21 15:16:00,656,1,11,5,293.53,2,3
3583,15929.0,2010-03-05 14:56:00,644,1,1,5,594.0,2,3
3585,15931.0,2010-10-07 16:46:00,428,1,14,5,239.9,1,3
3590,15936.0,2010-11-25 16:39:00,379,2,19,4,282.79,1,3
3591,15937.0,2011-10-06 15:48:00,64,3,7,5,145.35,1,3
3594,15940.0,2011-02-01 16:21:00,311,2,3,5,71.6,1,3
3595,15941.0,2010-07-14 16:01:00,513,1,10,5,579.4,2,3
3596,15942.0,2011-07-29 09:01:00,133,3,14,5,337.44,2,3
3597,15943.0,2010-02-28 12:49:00,649,1,12,5,271.28999999999996,1,3
3608,15954.0,2010-04-29 13:35:00,589,1,20,4,190.75,1,3
3610,15956.0,2010-06-06 13:06:00,551,1,18,4,617.6,2,3
3614,15960.0,2010-11-30 15:57:00,374,2,27,4,427.9,2,3
3618,15964.0,2010-02-14 15:30:00,663,1,21,4,272.96000000000004,1,3
3620,15966.0,2010-09-21 19:40:00,444,1,32,4,453.48,2,3
3633,15979.0,2010-04-16 11:35:00,602,1,22,4,329.22,2,3
3645,15991.0,2010-06-23 15:50:00,534,1,6,5,150.55,1,3
3651,15997.0,2010-04-01 13:04:00,617,1,1,5,23.4,1,3
3653,15999.0,2009-12-04 12:31:00,735,1,1,5,20.4,1,3
3656,16002.0,2010-03-24 13:08:00,625,1,42,3,169.21,1,3
3680,16026.0,2011-10-27 13:53:00,43,4,32,4,236.09,1,3
3682,16028.0,2010-04-23 11:45:00,595,1,5,5,82.2,1,3
3684,16030.0,2011-02-03 11:28:00,309,2,29,4,331.24,2,3
3689,16035.0,2010-05-28 15:09:00,560,1,21,4,217.73,1,3
3693,16039.0,2010-10-12 10:44:00,423,1,33,4,463.15,2,3
3698,16044.0,2010-09-30 18:12:00,435,1,19,4,340.84000000000003,2,3
3700,16046.0,2010-05-26 13:18:00,562,1,22,4,235.78,1,3
3701,16047.0,2010-01-26 16:34:00,682,1,1,5,107.14,1,3
3705,16051.0,2010-01-27 09:38:00,681,1,12,5,188.44,1,3
3709,16055.0,2011-05-03 09:26:00,220,2,8,5,134.8,1,3
3712,16058.0,2010-10-29 16:48:00,406,2,2,5,62.7,1,3
3714,16060.0,2010-11-04 12:10:00,400,2,24,4,541.95,2,3
3715,16061.0,2011-03-15 14:41:00,269,2,5,5,134.35,1,3
3717,16063.0,2011-03-24 14:56:00,260,2,23,4,335.32,2,3
3718,16064.0,2009-12-14 16:11:00,725,1,18,4,111.0,1,3
3722,16068.0,2010-04-25 11:52:00,593,1,39,3,122.93,1,3
3723,16069.0,2010-10-18 10:32:00,417,1,25,4,457.7,2,3
3727,16073.0,2011-02-21 12:33:00,291,2,2,5,150.45,1,3
3728,16074.0,2010-11-14 13:19:00,390,2,26,4,265.25,1,3
3736,16082.0,2010-02-07 15:16:00,670,1,16,5,106.75,1,3
3738,16084.0,2011-02-13 16:05:00,299,2,38,4,436.18,2,3
3743,16089.0,2010-11-18 13:51:00,386,2,50,3,271.44,1,3
3744,16090.0,2010-03-25 13:05:00,624,1,20,4,205.91,1,3
3747,16093.0,2011-08-25 11:09:00,106,3,1,5,17.0,1,3
3749,16095.0,2010-09-09 16:54:00,456,1,30,4,447.05,2,3
3751,16097.0,2011-04-13 13:47:00,240,2,10,5,185.04999999999998,1,3
3754,16100.0,2010-09-03 11:39:00,462,1,37,4,582.64,2,3
3760,16106.0,2011-10-05 10:37:00,65,3,6,5,108.38,1,3
3766,16112.0,2011-07-19 14:28:00,143,3,16,5,195.73999999999998,1,3
3767,16113.0,2011-06-09 16:16:00,183,3,30,4,161.38,1,3
3768,16114.0,2011-06-22 10:13:00,170,3,8,5,135.75000000000003,1,3
3791,16137.0,2010-01-28 15:04:00,680,1,28,4,422.7,2,3
3796,16142.0,2011-04-04 10:16:00,249,2,37,4,535.34,2,3
3798,16144.0,2011-04-07 10:09:00,246,2,1,5,175.2,1,3
3802,16148.0,2011-02-16 14:01:00,296,2,12,5,402.87,2,3
3808,16154.0,2010-01-26 16:23:00,682,1,1,5,10.5,1,3
3816,16162.0,2011-04-01 15:03:00,252,2,2,5,37.4,1,3
3819,16165.0,2010-07-22 14:17:00,505,1,1,5,79.9,1,3
3820,16166.0,2010-10-07 15:44:00,428,1,26,4,544.18,2,3
3825,16171.0,2011-10-11 14:51:00,59,3,3,5,73.2,1,3
3833,16179.0,2011-10-10 09:41:00,60,3,11,5,215.83,1,3
3835,16181.0,2011-09-27 13:38:00,73,3,11,5,305.54,2,3
3843,16189.0,2011-11-24 11:47:00,15,5,11,5,215.48,1,3
3846,16192.0,2009-12-04 12:28:00,735,1,11,5,351.3,2,3
3848,16194.0,2010-11-29 13:28:00,375,2,8,5,308.59999999999997,2,3
3849,16195.0,2009-12-16 14:09:00,723,1,16,5,323.25,2,3
3850,16196.0,2010-08-08 11:40:00,488,1,4,5,93.3,1,3
3853,16199.0,2010-11-12 12:55:00,392,2,10,5,942.75,3,3
3867,16213.0,2011-09-22 10:03:00,78,3,6,5,159.0,1,3
3869,16215.0,2011-09-20 10:18:00,80,3,14,5,242.35,1,3
3871,16217.0,2011-04-18 13:31:00,235,2,19,4,349.11,2,3
3873,16219.0,2010-07-27 11:44:00,500,1,1,5,40.8,1,3
3874,16220.0,2009-12-11 13:36:00,728,1,1,5,10.17,1,3
3888,16234.0,2010-08-23 10:45:00,473,1,16,5,353.58,2,3
3891,16237.0,2010-09-28 17:02:00,437,1,7,5,136.65,1,3
3892,16238.0,2010-10-13 12:36:00,422,1,6,5,63.66,1,3
3901,16247.0,2011-06-22 14:23:00,170,3,16,5,114.56,1,3
3902,16248.0,2011-10-09 11:32:00,61,3,7,5,152.94,1,3
3905,16251.0,2010-07-15 14:55:00,512,1,20,4,128.31,1,3
3911,16257.0,2011-06-16 10:11:00,176,3,2,5,46.95,1,3
3917,16263.0,2010-10-12 14:52:00,423,1,24,4,351.01,2,3
3921,16267.0,2010-04-27 14:10:00,591,1,7,5,186.66,1,3
3927,16273.0,2010-03-01 13:24:00,648,1,16,5,336.03999999999996,2,3
3931,16277.0,2009-12-06 11:27:00,733,1,23,4,188.69,1,3
3934,16280.0,2009-12-14 15:49:00,725,1,16,5,238.05,1,3
3939,16285.0,2010-03-03 16:03:00,646,1,31,4,176.9,1,3
3940,16286.0,2010-08-19 14:48:00,477,1,19,4,394.25,2,3
3942,16288.0,2010-08-26 14:45:00,470,1,7,5,129.85,1,3
3943,16289.0,2010-09-03 14:07:00,462,1,22,4,173.81,1,3
3945,16291.0,2010-01-26 16:26:00,682,1,1,5,117.72,1,3
3948,16294.0,2010-08-20 12:01:00,476,1,8,5,126.05000000000001,1,3
3951,16297.0,2011-05-11 11:15:00,212,2,23,4,328.4,2,3
3953,16299.0,2010-08-24 11:02:00,472,1,13,5,208.65,1,3
3955,16301.0,2009-12-03 10:20:00,736,1,6,5,107.33,1,3
3956,16302.0,2011-08-24 09:25:00,107,3,12,5,253.62,1,3
3958,16304.0,2010-01-14 08:30:00,694,1,25,4,381.66,2,3
3964,16310.0,2010-10-21 14:47:00,414,1,28,4,460.08,2,3
3966,16312.0,2010-10-03 14:15:00,432,1,10,5,171.15,1,3
3967,16313.0,2011-12-06 13:02:00,3,5,16,5,274.15000000000003,1,3
3969,16315.0,2011-01-13 11:57:00,330,2,23,4,402.71,2,3
3973,16319.0,2011-05-06 11:27:00,217,2,3,5,404.40000000000003,2,3
3977,16323.0,2011-05-27 14:48:00,196,2,4,5,353.66,2,3
3982,16328.0,2010-05-25 14:02:00,563,1,16,5,310.83,2,3
3988,16334.0,2010-08-04 16:38:00,492,1,58,3,277.48,1,3
3991,16337.0,2011-11-03 10:03:00,36,4,10,5,151.05,1,3
3992,16338.0,2011-07-05 13:56:00,157,3,11,5,214.79999999999998,1,3
3993,16339.0,2011-02-28 13:41:00,284,2,20,4,109.95,1,3
3996,16342.0,2011-09-25 14:36:00,75,3,15,5,322.41,2,3
4000,16346.0,2010-11-19 15:55:00,385,2,15,5,224.51,1,3
4003,16349.0,2011-02-22 12:40:00,290,2,9,5,53.5,1,3
4017,16363.0,2011-10-17 14:14:00,53,4,5,5,109.36000000000001,1,3
4025,16371.0,2010-09-17 12:09:00,448,1,11,5,157.2,1,3
4027,16373.0,2010-11-22 15:50:00,382,2,29,4,309.49,2,3
4029,16375.0,2010-08-26 14:25:00,470,1,13,5,104.0,1,3
4032,16378.0,2011-04-06 15:07:00,247,2,23,4,362.95,2,3
4035,16381.0,2010-11-09 09:56:00,395,2,65,3,258.7,1,3
4042,16388.0,2010-02-24 10:20:00,653,1,13,5,186.05,1,3
4044,16390.0,2010-06-21 10:11:00,536,1,21,4,467.5,2,3
4050,16396.0,2010-08-23 15:51:00,473,1,12,5,172.9,1,3
4051,16397.0,2010-03-21 15:36:00,628,1,11,5,127.88,1,3
4057,16403.0,2011-02-10 16:40:00,302,2,15,5,193.95,1,3
4059,16405.0,2011-02-10 15:24:00,302,2,5,5,167.25,1,3
4062,16408.0,2010-04-27 14:08:00,591,1,45,3,231.93,1,3
4064,16410.0,2009-12-05 14:51:00,734,1,5,5,130.32,1,3
4071,16417.0,2010-08-04 09:08:00,492,1,1,5,35.7,1,3
4074,16420.0,2010-11-08 15:15:00,396,2,2,5,75.0,1,3
4075,16421.0,2010-11-28 13:31:00,376,2,38,4,526.27,2,3
4078,16424.0,2011-06-01 13:40:00,191,2,14,5,494.06,2,3
4079,16425.0,2011-02-10 14:30:00,302,2,21,4,302.7,2,3
4081,16427.0,2011-03-21 17:10:00,263,2,9,5,241.06,1,3
4083,16429.0,2011-08-25 13:54:00,106,3,2,5,284.55,1,3
4086,16432.0,2011-10-06 13:59:00,64,3,8,5,287.4,1,3
4091,16437.0,2010-11-23 16:59:00,381,2,21,4,301.25,2,3
4093,16439.0,2009-12-17 14:22:00,722,1,9,5,310.70000000000005,2,3
4097,16443.0,2010-07-07 11:57:00,520,1,1,5,162.24,1,3
4106,16452.0,2010-03-19 12:39:00,630,1,18,4,332.17,2,3
4107,16453.0,2010-06-27 12:46:00,530,1,15,5,251.71,1,3
4108,16454.0,2011-10-26 11:40:00,44,4,8,5,60.0,1,3
4111,16457.0,2011-05-05 13:19:00,218,2,9,5,208.36,1,3
4113,16459.0,2009-12-10 12:42:00,729,1,5,5,71.78999999999999,1,3
4116,16462.0,2011-10-06 18:16:00,64,3,4,5,170.0,1,3
4130,16476.0,2010-10-18 13:51:00,417,1,26,4,363.7,2,3
4135,16481.0,2010-02-18 11:14:00,659,1,20,4,478.53000000000003,2,3
4137,16483.0,2011-05-31 13:08:00,192,2,19,4,139.35,1,3
4140,16486.0,2010-06-20 12:16:00,537,1,7,5,134.36,1,3
4141,16487.0,2010-05-11 13:38:00,577,1,35,4,209.4,1,3
4143,16489.0,2010-11-24 14:40:00,380,2,6,5,303.7,2,3
4144,16490.0,2010-10-05 19:52:00,430,1,16,5,231.66000000000003,1,3
4146,16492.0,2010-06-17 08:20:00,540,1,23,4,385.56,2,3
4152,16498.0,2011-07-01 15:07:00,161,3,16,5,115.82000000000001,1,3
4156,16502.0,2010-03-29 13:44:00,620,1,43,3,266.5,1,3
4160,16506.0,2011-11-20 12:17:00,19,4,3,5,90.30000000000001,1,3
4161,16507.0,2010-05-16 12:56:00,572,1,43,3,152.76,1,3
4162,16508.0,2010-03-19 13:41:00,630,1,45,3,248.8,1,3
4163,16509.0,2011-02-16 09:25:00,296,2,13,5,363.7,2,3
4166,16512.0,2009-12-11 14:31:00,728,1,1,5,33.9,1,3
4168,16514.0,2010-03-19 13:48:00,630,1,1,5,134.86,1,3
4170,16516.0,2011-11-09 14:59:00,30,4,6,5,101.69999999999999,1,3
4171,16517.0,2011-03-07 13:50:00,277,2,17,4,162.7,1,3
4176,16522.0,2010-09-30 10:54:00,435,1,18,4,433.36,2,3
4184,16530.0,2010-02-09 15:30:00,668,1,3,5,48.349999999999994,1,3
4191,16537.0,2010-03-08 13:41:00,641,1,4,5,23.35,1,3
4194,16540.0,2010-10-21 17:22:00,414,1,37,4,226.70000000000002,1,3
4196,16542.0,2011-10-17 10:47:00,53,4,14,5,257.32,1,3
4197,16543.0,2010-05-05 13:34:00,583,1,20,4,306.60999999999996,2,3
4198,16544.0,2010-07-08 11:11:00,519,1,14,5,643.1,3,3
4201,16547.0,2010-06-11 13:02:00,546,1,27,4,111.71,1,3
4202,16548.0,2010-04-19 16:15:00,599,1,6,5,30.15,1,3
4206,16552.0,2011-04-11 10:04:00,242,2,22,4,475.02000000000004,2,3
4211,16557.0,2011-11-15 14:04:00,24,4,11,5,281.85,1,3
4213,16559.0,2010-11-07 13:52:00,397,2,18,4,185.20000000000002,1,3
4216,16562.0,2010-08-20 11:45:00,476,1,34,4,223.85999999999999,1,3
4218,16564.0,2010-05-19 14:41:00,569,1,5,5,87.8,1,3
4219,16565.0,2010-12-10 15:21:00,364,2,13,5,845.6500000000001,3,3
4222,16568.0,2010-10-08 10:54:00,427,1,5,5,1020.9000000000001,3,3
4229,16575.0,2010-01-26 16:30:00,682,1,1,5,10.49,1,3
4230,16576.0,2010-10-26 10:59:00,409,2,36,4,568.57,2,3
4231,16577.0,2010-02-11 09:45:00,666,1,23,4,380.0,2,3
4232,16578.0,2010-03-23 15:11:00,626,1,9,5,156.6,1,3
4233,16579.0,2010-12-09 15:00:00,365,2,16,5,356.25,2,3
4234,16580.0,2009-12-11 12:40:00,728,1,2,5,5.0,1,3
4235,16581.0,2011-07-07 15:50:00,155,3,11,5,141.24,1,3
4236,16582.0,2011-08-18 17:02:00,113,3,6,5,313.62,2,3
4237,16583.0,2010-12-01 12:03:00,373,2,32,4,531.4,2,3
4239,16585.0,2010-04-25 10:34:00,593,1,18,4,341.59,2,3
4241,16587.0,2011-04-21 15:51:00,232,2,13,5,225.15,1,3
4245,16591.0,2011-10-02 10:43:00,68,3,10,5,213.5,1,3
4251,16597.0,2011-12-05 15:44:00,4,5,7,5,90.04,1,3
4252,16598.0,2011-03-07 13:42:00,277,2,11,5,149.4,1,3
4253,16599.0,2010-11-19 12:45:00,385,2,12,5,172.8,1,3
4258,16604.0,2010-06-09 14:50:00,548,1,15,5,538.65,2,3
4259,16605.0,2009-12-15 19:03:00,724,1,1,5,60.48,1,3
4260,16606.0,2010-10-31 13:57:00,404,2,22,4,357.66,2,3
4264,16610.0,2011-05-04 13:13:00,219,2,6,5,75.66,1,3
4269,16615.0,2010-05-20 09:24:00,568,1,20,4,318.5,2,3
4271,16617.0,2011-04-18 10:35:00,235,2,5,5,151.85,1,3
4276,16622.0,2010-06-15 14:41:00,542,1,14,5,245.2,1,3
4284,16630.0,2010-10-28 14:30:00,407,2,5,5,109.30000000000001,1,3
4286,16632.0,2010-08-11 11:39:00,485,1,27,4,406.4,2,3
4289,16635.0,2010-10-29 09:41:00,406,2,25,4,473.0,2,3
4294,16640.0,2010-11-07 10:48:00,397,2,13,5,179.4,1,3
4299,16645.0,2009-12-04 09:49:00,735,1,14,5,160.39,1,3
4303,16649.0,2010-07-07 15:41:00,520,1,20,4,306.58000000000004,2,3
4305,16651.0,2010-05-02 11:46:00,586,1,6,5,136.2,1,3
4313,16659.0,2011-06-03 15:03:00,189,3,2,5,39.12,1,3
4316,16662.0,2010-11-10 16:56:00,394,2,29,4,163.8,1,3
4317,16663.0,2009-12-10 13:12:00,729,1,1,5,165.0,1,3
4318,16664.0,2010-05-19 17:11:00,569,1,8,5,109.2,1,3
4319,16665.0,2010-12-12 14:03:00,362,2,9,5,135.39999999999998,1,3
4327,16673.0,2010-01-29 14:22:00,679,1,20,4,188.83,1,3
4329,16675.0,2010-09-24 12:15:00,441,1,23,4,608.86,2,3
4337,16683.0,2010-06-28 13:20:00,529,1,19,4,331.15,2,3
4341,16687.0,2010-11-14 11:46:00,390,2,8,5,157.63,1,3
4343,16689.0,2011-09-25 11:39:00,75,3,16,5,541.9399999999999,2,3
4345,16691.0,2010-10-17 15:03:00,418,1,11,5,178.83,1,3
4348,16694.0,2009-12-16 15:45:00,723,1,3,5,98.30000000000001,1,3
4349,16695.0,2010-05-27 12:36:00,561,1,36,4,193.15,1,3
4351,16697.0,2011-04-12 17:12:00,241,2,21,4,112.75,1,3
4357,16703.0,2009-12-08 14:08:00,731,1,1,5,15.0,1,3
4375,16721.0,2011-03-22 16:08:00,262,2,37,4,292.47,2,3
4378,16724.0,2010-10-31 11:40:00,404,2,17,4,147.35,1,3
4385,16731.0,2010-03-01 15:05:00,648,1,43,3,174.05,1,3
4387,16733.0,2010-06-28 10:12:00,529,1,12,5,259.68,1,3
4392,16738.0,2011-02-15 09:46:00,297,2,1,5,3.75,1,3
4394,16740.0,2010-11-09 13:34:00,395,2,33,4,236.81,1,3
4395,16741.0,2010-03-24 15:15:00,625,1,11,5,173.06,1,3
4406,16752.0,2010-12-02 12:18:00,372,2,18,4,415.0,2,3
4407,16753.0,2011-10-12 13:14:00,58,4,34,4,223.92000000000002,1,3
4411,16757.0,2011-01-25 11:59:00,318,2,15,5,270.48,1,3
4414,16760.0,2010-10-05 15:55:00,430,1,17,4,228.0,1,3
4415,16761.0,2011-09-04 11:15:00,96,3,13,5,316.62,2,3
4432,16778.0,2011-09-26 13:48:00,74,3,16,5,245.94,1,3
4437,16783.0,2010-09-29 11:53:00,436,1,25,4,391.95,2,3
4439,16785.0,2010-10-26 10:36:00,409,2,35,4,533.78,2,3
4440,16786.0,2010-11-11 08:25:00,393,2,1,5,51.839999999999996,1,3
4443,16789.0,2011-12-01 15:12:00,8,5,5,5,80.8,1,3
4447,16793.0,2011-10-13 15:08:00,57,4,16,5,243.84,1,3
4473,16819.0,2010-08-31 17:37:00,465,1,17,4,182.59,1,3
4475,16821.0,2010-11-23 10:04:00,381,2,7,5,113.35,1,3
4476,16822.0,2010-02-14 11:05:00,663,1,13,5,217.94,1,3
4481,16827.0,2010-11-11 14:04:00,393,2,12,5,392.13,2,3
4482,16828.0,2011-09-07 15:10:00,93,3,8,5,128.5,1,3
4485,16831.0,2010-05-24 09:08:00,564,1,6,5,91.8,1,3
4494,16840.0,2010-04-15 15:48:00,603,1,10,5,152.99,1,3
4498,16844.0,2010-05-26 10:29:00,562,1,32,4,614.34,2,3
4499,16845.0,2010-03-31 13:09:00,618,1,20,4,253.88,1,3
4503,16849.0,2011-06-06 09:16:00,186,3,8,5,124.57,1,3
4504,16850.0,2011-01-10 11:09:00,333,2,19,4,332.41,2,3
4506,16852.0,2011-11-29 13:22:00,10,5,9,5,144.91000000000003,1,3
4507,16853.0,2009-12-08 17:32:00,731,1,2,5,67.5,1,3
4511,16857.0,2010-09-23 10:49:00,442,1,11,5,352.8,2,3
4518,16864.0,2010-10-01 16:16:00,434,1,17,4,409.25,2,3
4519,16865.0,2010-11-03 11:34:00,401,2,16,5,130.95,1,3
4520,16866.0,2011-07-22 10:06:00,140,3,11,5,207.73999999999998,1,3
4521,16867.0,2010-01-19 09:11:00,689,1,6,5,76.74000000000001,1,3
4524,16870.0,2010-08-27 13:53:00,469,1,28,4,450.15999999999997,2,3
4528,16874.0,2010-11-25 13:08:00,379,2,34,4,217.74,1,3
4530,16876.0,2010-11-01 11:59:00,403,2,32,4,136.01,1,3
4532,16878.0,2011-11-15 08:52:00,24,4,6,5,26.6,1,3
4533,16879.0,2010-10-15 14:51:00,420,1,2,5,140.95999999999998,1,3
4535,16881.0,2011-10-04 10:33:00,66,3,1,5,432.0,2,3
4540,16886.0,2010-09-21 11:46:00,444,1,16,5,268.0,1,3
4544,16890.0,2010-08-20 11:23:00,476,1,19,4,285.41,1,3
4550,16896.0,2010-06-02 15:40:00,555,1,18,4,103.95,1,3
4555,16901.0,2009-12-10 16:30:00,729,1,23,4,204.26,1,3
4562,16908.0,2009-12-17 13:38:00,722,1,21,4,351.59000000000003,2,3
4565,16911.0,2010-03-22 15:57:00,627,1,37,4,259.15000000000003,1,3
4567,16913.0,2011-02-22 12:56:00,290,2,18,4,423.90999999999997,2,3
4568,16914.0,2011-11-03 15:27:00,36,4,38,4,208.46,1,3
4574,16920.0,2010-10-24 14:07:00,411,2,23,4,355.45,2,3
4579,16925.0,2010-06-17 15:03:00,540,1,18,4,125.65,1,3
4581,16927.0,2011-08-16 11:10:00,115,3,6,5,543.05,2,3
4591,16937.0,2010-07-28 17:56:00,499,1,51,3,202.1,1,3
4595,16941.0,2010-04-07 11:13:00,611,1,2,5,33.0,1,3
4598,16944.0,2010-04-09 11:03:00,609,1,7,5,101.36,1,3
4607,16953.0,2011-11-09 15:54:00,30,4,1,5,20.8,1,3
4611,16957.0,2011-04-14 13:56:00,239,2,16,5,416.64,2,3
4613,16959.0,2011-09-13 15:03:00,87,3,7,5,117.35000000000001,1,3
4616,16962.0,2010-10-26 11:36:00,409,2,15,5,251.04,1,3
4617,16963.0,2011-06-05 13:48:00,187,3,7,5,110.55000000000001,1,3
4618,16964.0,2009-12-06 12:53:00,733,1,6,5,207.85,1,3
4619,16965.0,2011-04-27 12:08:00,226,2,26,4,201.19,1,3
4624,16970.0,2010-03-23 13:50:00,626,1,2,5,71.4,1,3
4627,16973.0,2010-11-18 13:56:00,386,2,6,5,127.0,1,3
4628,16974.0,2010-07-05 10:18:00,522,1,8,5,365.5,2,3
4630,16976.0,2011-03-17 16:33:00,267,2,2,5,251.51999999999998,1,3
4631,16977.0,2010-11-09 13:17:00,395,2,28,4,496.0,2,3
4644,16990.0,2011-05-05 08:30:00,218,2,2,5,344.0,2,3
4648,16994.0,2010-03-23 16:19:00,626,1,1,5,779.32,3,3
4649,16995.0,2010-12-02 17:09:00,372,2,2,5,2.5,1,3
4651,16997.0,2011-02-24 17:28:00,288,2,12,5,702.0,3,3
4652,16998.0,2011-07-13 09:49:00,149,3,8,5,409.98,2,3
4654,17000.0,2010-11-08 13:35:00,396,2,30,4,406.3,2,3
4662,17008.0,2010-10-06 15:19:00,429,1,1,5,81.36,1,3
4663,17009.0,2010-06-06 16:01:00,551,1,11,5,242.06,1,3
4664,17010.0,2011-11-23 11:04:00,16,5,12,5,205.26000000000002,1,3
4676,17022.0,2011-11-08 17:09:00,31,4,16,5,260.0,1,3
4678,17024.0,2011-10-25 13:47:00,45,4,3,5,95.85,1,3
4680,17026.0,2011-06-07 14:28:00,185,3,8,5,208.98,1,3
4684,17030.0,2011-10-07 08:49:00,63,3,11,5,146.87,1,3
4690,17036.0,2010-11-21 14:26:00,383,2,12,5,176.9,1,3
4694,17040.0,2011-07-25 10:19:00,137,3,16,5,463.25,2,3
4707,17053.0,2011-08-03 10:55:00,128,3,14,5,500.58,2,3
4709,17055.0,2010-09-20 12:21:00,445,1,30,4,239.55,1,3
4710,17056.0,2009-12-01 12:55:00,738,1,8,5,128.60000000000002,1,3
4714,17060.0,2011-03-18 13:27:00,266,2,5,5,234.24,1,3
4719,17065.0,2011-07-19 14:45:00,143,3,13,5,307.04999999999995,2,3
4720,17066.0,2009-12-13 13:24:00,726,1,18,4,228.34,1,3
4721,17067.0,2009-12-15 08:39:00,724,1,13,5,454.54,2,3
4726,17072.0,2010-03-24 16:33:00,625,1,22,4,282.05,1,3
4728,17074.0,2010-05-26 12:04:00,562,1,4,5,203.05,1,3
4731,17077.0,2010-05-10 16:36:00,578,1,1,5,306.0,2,3
4733,17079.0,2011-09-22 15:34:00,78,3,2,5,118.80000000000001,1,3
4741,17087.0,2009-12-02 10:41:00,737,1,12,5,221.53,1,3
4743,17089.0,2010-11-18 15:33:00,386,2,4,5,128.45,1,3
4747,17093.0,2010-04-26 10:22:00,592,1,13,5,235.88,1,3
4748,17094.0,2011-01-25 17:24:00,318,2,19,4,434.0,2,3
4752,17098.0,2010-11-23 12:13:00,381,2,18,4,591.0699999999999,2,3
4756,17102.0,2011-03-23 10:08:00,261,2,1,5,25.5,1,3
4757,17103.0,2009-12-17 14:08:00,722,1,32,4,424.3,2,3
4758,17104.0,2010-10-12 12:21:00,423,1,19,4,474.03,2,3
4762,17108.0,2010-02-14 12:22:00,663,1,9,5,174.95,1,3
4766,17112.0,2010-07-25 11:14:00,502,1,50,3,205.17,1,3
4771,17117.0,2011-02-24 13:54:00,288,2,9,5,116.19999999999999,1,3
4772,17118.0,2011-01-26 12:19:00,317,2,10,5,157.02,1,3
4774,17120.0,2011-04-20 15:21:00,233,2,18,4,307.46,2,3
4775,17121.0,2010-11-02 11:47:00,402,2,12,5,314.74,2,3
4782,17128.0,2011-01-09 12:02:00,334,2,14,5,157.09,1,3
4783,17129.0,2010-07-07 13:46:00,520,1,2,5,31.85,1,3
4784,17130.0,2010-01-26 16:47:00,682,1,1,5,18.38,1,3
4790,17136.0,2010-02-15 13:13:00,662,1,14,5,231.68,1,3
4794,17140.0,2011-04-06 13:33:00,247,2,20,4,465.32,2,3
4802,17148.0,2011-10-19 09:59:00,51,4,9,5,124.88,1,3
4803,17149.0,2010-09-14 14:56:00,451,1,6,5,143.10000000000002,1,3
4805,17151.0,2009-12-04 14:56:00,735,1,4,5,231.90000000000003,1,3
4807,17153.0,2011-11-15 13:42:00,24,4,14,5,213.78,1,3
4820,17166.0,2011-11-01 09:46:00,38,4,14,5,223.19,1,3
4822,17168.0,2010-07-29 12:33:00,498,1,21,4,400.2,2,3
4824,17170.0,2010-11-30 15:55:00,374,2,11,5,238.38,1,3
4825,17171.0,2011-02-23 16:37:00,289,2,25,4,384.59,2,3
4828,17174.0,2011-05-06 11:47:00,217,2,4,5,59.9,1,3
4831,17177.0,2010-07-22 14:53:00,505,1,29,4,119.5,1,3
4832,17178.0,2009-12-08 16:20:00,731,1,32,4,436.71,2,3
4836,17182.0,2010-10-13 10:09:00,422,1,6,5,321.3,2,3
4838,17184.0,2010-05-19 14:24:00,569,1,14,5,198.41000000000003,1,3
4839,17185.0,2010-04-27 12:15:00,591,1,44,3,229.46,1,3
4840,17186.0,2011-10-24 10:20:00,46,4,2,5,144.0,1,3
4841,17187.0,2011-04-27 12:39:00,226,2,23,4,467.71,2,3
4846,17192.0,2010-06-21 16:07:00,536,1,21,4,77.83,1,3
4849,17195.0,2010-02-22 13:05:00,655,1,31,4,562.98,2,3
4853,17199.0,2010-05-06 13:53:00,582,1,9,5,145.12,1,3
4854,17200.0,2010-11-17 13:04:00,387,2,25,4,356.71,2,3
4856,17202.0,2010-10-15 11:25:00,420,1,8,5,160.65,1,3
4860,17206.0,2011-10-17 13:25:00,53,4,7,5,204.24,1,3
4862,17208.0,2010-11-09 12:50:00,395,2,24,4,115.35,1,3
4864,17210.0,2010-11-12 12:15:00,392,2,54,3,253.37,1,3
4869,17215.0,2010-09-01 13:39:00,464,1,11,5,186.15,1,3
4870,17216.0,2010-06-03 13:03:00,554,1,14,5,65.05,1,3
4871,17217.0,2011-04-19 17:19:00,234,2,29,4,218.0,1,3
4878,17224.0,2010-07-26 13:30:00,501,1,8,5,100.86,1,3
4879,17225.0,2010-05-07 11:38:00,581,1,5,5,131.15,1,3
4888,17234.0,2011-06-10 11:20:00,182,3,14,5,149.89000000000001,1,3
4894,17240.0,2010-04-22 15:44:00,596,1,7,5,130.6,1,3
4899,17245.0,2011-05-19 10:43:00,204,2,25,4,371.63,2,3
4900,17246.0,2010-06-11 12:36:00,546,1,6,5,38.92,1,3
4903,17249.0,2010-10-07 11:33:00,428,1,27,4,68.03,1,3
4911,17257.0,2010-09-29 12:51:00,436,1,15,5,192.73,1,3
4914,17260.0,2010-10-24 13:21:00,411,2,6,5,120.95,1,3
4915,17261.0,2010-07-18 11:49:00,509,1,46,3,230.44,1,3
4917,17263.0,2011-05-15 14:32:00,208,2,23,4,63.440000000000005,1,3
4925,17271.0,2009-12-03 13:49:00,736,1,52,3,210.39,1,3
4927,17273.0,2010-10-11 15:57:00,424,1,12,5,141.12,1,3
4929,17275.0,2010-11-21 13:26:00,383,2,24,4,114.52,1,3
4932,17278.0,2011-04-12 13:10:00,241,2,17,4,271.24,1,3
4933,17279.0,2011-10-13 11:58:00,57,4,9,5,187.82999999999998,1,3
4934,17280.0,2010-09-27 16:46:00,438,1,6,5,118.85999999999999,1,3
4935,17281.0,2010-11-30 18:05:00,374,2,6,5,797.8499999999999,3,3
4937,17283.0,2010-11-26 11:53:00,378,2,15,5,188.46,1,3
4945,17291.0,2011-02-04 13:04:00,308,2,1,5,550.8000000000001,2,3
4946,17292.0,2010-08-24 17:14:00,472,1,15,5,271.75,1,3
4948,17294.0,2010-02-08 16:12:00,669,1,17,4,467.78999999999996,2,3
4950,17296.0,2009-12-09 14:01:00,730,1,33,4,338.13,2,3
4957,17303.0,2010-12-13 13:32:00,361,2,53,3,250.04,1,3
4958,17304.0,2010-06-23 16:23:00,534,1,5,5,111.5,1,3
4964,17310.0,2010-11-17 16:00:00,387,2,2,5,1025.1,3,3
4970,17316.0,2010-10-15 14:35:00,420,1,35,4,124.45,1,3
4972,17318.0,2009-12-14 13:11:00,725,1,18,4,164.28,1,3
4973,17319.0,2010-02-08 15:47:00,669,1,3,5,29.1,1,3
4981,17327.0,2010-10-26 09:54:00,409,2,4,5,152.35,1,3
4982,17328.0,2010-02-04 17:11:00,673,1,6,5,104.7,1,3
4985,17331.0,2011-08-08 11:55:00,123,3,1,5,175.2,1,3
4990,17336.0,2010-08-24 15:37:00,472,1,1,5,81.12,1,3
4993,17339.0,2011-09-06 13:29:00,94,3,15,5,421.36,2,3
5001,17347.0,2011-09-14 13:12:00,86,3,1,5,228.96,1,3
5006,17352.0,2010-01-12 16:13:00,696,1,5,5,36.25,1,3
5009,17355.0,2010-11-18 13:18:00,386,2,37,4,285.11,1,3
5021,17367.0,2011-04-15 14:21:00,238,2,34,4,168.4,1,3
5023,17369.0,2010-09-10 09:49:00,455,1,1,5,979.1999999999999,3,3
5032,17378.0,2010-11-30 18:46:00,374,2,2,5,21.9,1,3
5034,17380.0,2010-10-01 16:42:00,434,1,11,5,646.25,3,3
5044,17390.0,2010-10-15 11:29:00,420,1,12,5,149.3,1,3
5045,17391.0,2011-06-29 09:58:00,163,3,3,5,508.8,2,3
5048,17394.0,2011-05-04 13:22:00,219,2,4,5,203.86999999999998,1,3
5049,17395.0,2010-07-19 15:34:00,508,1,3,5,97.5,1,3
5055,17401.0,2010-06-16 16:54:00,541,1,12,5,114.85,1,3
5061,17407.0,2010-10-24 11:57:00,411,2,23,4,552.9,2,3
5062,17408.0,2011-06-29 12:53:00,163,3,9,5,467.29,2,3
5067,17413.0,2010-10-31 12:33:00,404,2,10,5,560.14,2,3
5069,17415.0,2011-09-21 12:50:00,79,3,14,5,507.84,2,3
5071,17417.0,2010-06-09 10:00:00,548,1,16,5,164.18,1,3
5078,17424.0,2010-10-07 14:25:00,428,1,1,5,176.96,1,3
5081,17427.0,2011-09-29 11:29:00,71,3,2,5,100.8,1,3
5089,17435.0,2010-10-24 13:55:00,411,2,15,5,331.35,2,3
5093,17439.0,2010-02-22 12:48:00,655,1,8,5,325.74,2,3
5094,17440.0,2011-07-15 10:36:00,147,3,9,5,332.9,2,3
5095,17441.0,2009-12-07 13:32:00,732,1,21,4,293.35,2,3
5097,17443.0,2011-05-04 10:47:00,219,2,1,5,534.24,2,3
5099,17445.0,2010-03-19 12:27:00,630,1,1,5,506.51,2,3
5100,17446.0,2011-06-16 10:42:00,176,3,9,5,120.9,1,3
5106,17452.0,2010-04-15 15:16:00,603,1,1,5,227.28,1,3
5109,17455.0,2011-05-20 12:31:00,203,2,8,5,131.7,1,3
5121,17467.0,2010-11-09 12:58:00,395,2,4,5,102.6,1,3
5122,17468.0,2011-11-29 15:33:00,10,5,8,5,194.8,1,3
5125,17471.0,2010-08-22 11:53:00,474,1,19,4,321.65000000000003,2,3
5127,17473.0,2010-11-03 13:30:00,401,2,35,4,621.85,2,3
5128,17474.0,2010-04-19 10:43:00,599,1,6,5,1047.0,3,3
5129,17475.0,2011-09-21 14:55:00,79,3,14,5,194.37,1,3
5130,17476.0,2010-11-11 19:11:00,393,2,34,4,533.21,2,3
5133,17479.0,2010-03-17 09:26:00,632,1,18,4,389.26000000000005,2,3
5138,17484.0,2010-05-12 15:41:00,576,1,14,5,209.57,1,3
5139,17485.0,2009-12-01 14:52:00,738,1,6,5,29.55,1,3
5140,17486.0,2011-03-23 14:00:00,261,2,24,4,396.87,2,3
5141,17487.0,2009-12-11 15:06:00,728,1,8,5,160.55,1,3
5142,17488.0,2010-03-08 14:07:00,641,1,18,4,336.5,2,3
5147,17493.0,2010-11-19 16:57:00,385,2,8,5,100.91000000000001,1,3
5148,17494.0,2010-07-26 10:06:00,501,1,3,5,54.699999999999996,1,3
5151,17497.0,2010-11-14 14:17:00,390,2,7,5,287.25,1,3
5152,17498.0,2011-09-25 12:25:00,75,3,17,4,272.22,1,3
5155,17501.0,2011-05-03 09:47:00,220,2,18,4,288.6,2,3
5160,17506.0,2011-09-30 12:54:00,70,3,16,5,310.11,2,3
5171,17517.0,2011-02-04 11:48:00,308,2,11,5,153.94,1,3
5186,17532.0,2010-11-19 08:13:00,385,2,4,5,65.34,1,3
5187,17533.0,2010-10-01 09:14:00,434,1,1,5,34.8,1,3
5189,17535.0,2011-03-04 15:20:00,280,2,13,5,164.4,1,3
5190,17536.0,2011-06-15 13:23:00,177,3,16,5,364.83,2,3
5192,17538.0,2011-11-14 12:12:00,25,4,9,5,98.42,1,3
5195,17541.0,2010-07-18 11:36:00,509,1,33,4,124.46,1,3
5197,17543.0,2010-06-08 12:41:00,549,1,13,5,120.05,1,3
5200,17546.0,2010-06-11 15:31:00,546,1,1,5,648.05,3,3
5203,17549.0,2011-11-16 09:59:00,23,4,6,5,148.86,1,3
5210,17556.0,2011-05-18 10:48:00,205,2,14,5,300.67,2,3
5212,17558.0,2010-11-11 14:36:00,393,2,28,4,259.17,1,3
5213,17559.0,2010-07-15 12:02:00,512,1,12,5,167.62,1,3
5217,17563.0,2010-05-10 14:55:00,578,1,35,4,475.48,2,3
5219,17565.0,2010-05-02 11:54:00,586,1,30,4,131.83,1,3
5223,17569.0,2011-01-11 14:15:00,332,2,29,4,344.14,2,3
5224,17570.0,2010-11-23 13:54:00,381,2,2,5,200.0,1,3
5228,17574.0,2011-04-11 09:47:00,242,2,8,5,185.65,1,3
5229,17575.0,2010-02-10 13:48:00,667,1,5,5,171.7,1,3
5231,17577.0,2010-03-04 13:01:00,645,1,21,4,348.75,2,3
5237,17583.0,2010-05-28 14:24:00,560,1,7,5,135.95,1,3
5240,17586.0,2010-03-30 13:12:00,619,1,8,5,167.4,1,3
5241,17587.0,2010-03-21 14:16:00,628,1,43,3,181.66,1,3
5246,17592.0,2009-12-01 10:49:00,738,1,26,4,296.6,2,3
5252,17598.0,2010-11-23 17:43:00,381,2,10,5,409.98,2,3
5253,17599.0,2010-09-01 12:17:00,464,1,5,5,59.55,1,3
5254,17600.0,2011-11-22 09:43:00,17,5,13,5,161.67000000000002,1,3
5259,17605.0,2010-04-28 14:45:00,590,1,13,5,160.75,1,3
5260,17606.0,2009-12-02 13:32:00,737,1,6,5,87.30000000000001,1,3
5261,17607.0,2010-11-28 13:11:00,376,2,22,4,333.81,2,3
5271,17617.0,2010-05-30 12:48:00,558,1,21,4,553.38,2,3
5273,17619.0,2011-01-31 14:18:00,312,2,77,3,218.52,1,3
5274,17620.0,2011-10-11 12:08:00,59,3,4,5,81.44,1,3
5280,17626.0,2010-04-16 12:15:00,602,1,18,4,254.0,1,3
5281,17627.0,2010-08-18 11:27:00,478,1,11,5,307.61,2,3
5282,17628.0,2011-09-19 15:21:00,81,3,5,5,75.75,1,3
5286,17632.0,2009-12-22 14:25:00,717,1,2,5,12.7,1,3
5292,17638.0,2010-03-02 14:32:00,647,1,3,5,842.4,3,3
5295,17641.0,2009-12-01 12:35:00,738,1,1,5,6.95,1,3
5299,17645.0,2009-12-11 13:31:00,728,1,1,5,9.9,1,3
5301,17647.0,2011-10-05 15:38:00,65,3,12,5,331.65999999999997,2,3
5304,17650.0,2011-11-18 14:52:00,21,4,8,5,166.08,1,3
5308,17654.0,2011-03-07 13:17:00,277,2,22,4,117.55,1,3
5311,17657.0,2010-10-05 14:52:00,430,1,7,5,126.0,1,3
5315,17661.0,2010-03-08 16:28:00,641,1,1,5,54.0,1,3
5316,17662.0,2010-02-16 09:38:00,661,1,15,5,412.92,2,3
5319,17665.0,2010-08-03 13:12:00,493,1,19,4,563.1,2,3
5324,17670.0,2011-04-26 09:12:00,227,2,11,5,205.7,1,3
5332,17678.0,2011-03-21 11:52:00,263,2,29,4,619.71,2,3
5335,17681.0,2010-04-21 17:22:00,597,1,15,5,932.8000000000001,3,3
5338,17684.0,2011-10-27 11:10:00,43,4,15,5,239.41,1,3
5341,17687.0,2010-10-15 12:30:00,420,1,26,4,432.68,2,3
5342,17688.0,2010-11-30 10:51:00,374,2,20,4,321.90000000000003,2,3
5343,17689.0,2010-11-16 13:22:00,388,2,22,4,317.08,2,3
5347,17693.0,2011-07-26 17:12:00,136,3,18,4,213.92,1,3
5351,17697.0,2011-04-17 15:40:00,236,2,19,4,338.95,2,3
5352,17698.0,2011-03-24 11:34:00,260,2,8,5,154.95,1,3
5353,17699.0,2010-08-20 09:39:00,476,1,19,4,442.0,2,3
5355,17701.0,2011-04-01 12:25:00,252,2,24,4,417.95,2,3
5364,17710.0,2010-10-12 07:49:00,423,1,20,4,293.5,2,3
5369,17715.0,2011-05-23 12:32:00,200,2,2,5,489.59999999999997,2,3
5371,17717.0,2010-10-14 12:54:00,421,1,26,4,376.92,2,3
5372,17718.0,2011-04-21 13:39:00,232,2,24,4,491.38,2,3
5375,17721.0,2010-02-18 15:18:00,659,1,11,5,307.21000000000004,2,3
5383,17729.0,2010-04-22 15:03:00,596,1,23,4,438.65000000000003,2,3
5391,17737.0,2011-11-30 15:16:00,9,5,10,5,168.24,1,3
5394,17740.0,2010-11-15 16:33:00,389,2,9,5,426.9,2,3
5395,17741.0,2010-10-29 11:59:00,406,2,6,5,101.1,1,3
5397,17743.0,2010-09-23 15:01:00,442,1,5,5,249.54999999999998,1,3
5399,17745.0,2010-08-19 12:30:00,477,1,28,4,600.34,2,3
5401,17747.0,2011-08-31 13:29:00,100,3,2,5,78.15,1,3
5402,17748.0,2010-06-30 13:49:00,527,1,17,4,358.15,2,3
5405,17751.0,2010-10-14 13:57:00,421,1,32,4,157.85999999999999,1,3
5406,17752.0,2010-12-15 16:19:00,359,2,1,5,80.64,1,3
5409,17755.0,2010-10-11 15:45:00,424,1,10,5,72.23,1,3
5416,17762.0,2010-09-09 17:40:00,456,1,17,4,129.75,1,3
5417,17763.0,2011-03-21 14:25:00,263,2,20,4,121.15,1,3
5420,17766.0,2010-11-23 14:29:00,381,2,22,4,299.61,2,3
5429,17775.0,2011-03-30 10:50:00,254,2,3,5,56.4,1,3
5432,17778.0,2010-02-16 12:44:00,661,1,10,5,197.70000000000002,1,3
5435,17781.0,2011-07-03 16:00:00,159,3,12,5,188.02,1,3
5438,17784.0,2010-06-07 16:08:00,550,1,23,4,112.86,1,3
5443,17789.0,2011-03-03 13:14:00,281,2,29,4,397.15,2,3
5445,17791.0,2011-11-10 12:09:00,29,4,10,5,106.1,1,3
5448,17794.0,2010-01-22 10:18:00,686,1,7,5,147.3,1,3
5452,17798.0,2010-05-07 11:42:00,581,1,49,3,183.09,1,3
5457,17803.0,2010-11-12 13:53:00,392,2,27,4,184.66,1,3
5462,17808.0,2010-06-09 10:44:00,548,1,33,4,262.64,1,3
5469,17815.0,2010-11-11 14:39:00,393,2,13,5,591.96,2,3
5472,17818.0,2009-12-02 11:34:00,737,1,46,3,130.18,1,3
5474,17820.0,2011-06-01 15:14:00,191,2,47,3,207.60999999999999,1,3
5475,17821.0,2010-10-29 13:20:00,406,2,6,5,334.62,2,3
5480,17826.0,2010-11-30 13:23:00,374,2,34,4,134.59,1,3
5485,17831.0,2011-11-06 15:09:00,33,4,2,5,35.400000000000006,1,3
5487,17833.0,2009-12-16 13:40:00,723,1,32,4,342.36,2,3
5490,17836.0,2011-10-23 16:13:00,47,4,24,4,110.21000000000001,1,3
5494,17840.0,2010-09-22 12:24:00,443,1,55,3,185.72,1,3
5496,17842.0,2010-04-16 14:23:00,602,1,18,4,430.69,2,3
5498,17844.0,2011-08-25 11:27:00,106,3,5,5,51.559999999999995,1,3
5501,17847.0,2010-07-12 10:00:00,515,1,9,5,129.69,1,3
5509,17855.0,2010-12-02 09:44:00,372,2,34,4,417.94,2,3
5513,17859.0,2011-02-08 10:32:00,304,2,25,4,148.21,1,3
5522,17868.0,2010-11-18 18:55:00,386,2,19,4,234.65,1,3
5526,17872.0,2010-11-23 12:02:00,381,2,15,5,235.87,1,3
5529,17875.0,2010-01-20 15:30:00,688,1,26,4,167.1,1,3
5531,17877.0,2011-06-22 13:00:00,170,3,12,5,237.61,1,3
5533,17879.0,2011-06-19 12:36:00,173,3,6,5,178.51999999999998,1,3
5535,17881.0,2011-02-08 17:16:00,304,2,8,5,133.35000000000002,1,3
5541,17887.0,2011-08-02 17:29:00,129,3,10,5,111.35,1,3
5545,17891.0,2011-06-30 20:08:00,162,3,34,4,203.85999999999999,1,3
5546,17892.0,2011-10-14 16:49:00,56,4,28,4,244.1,1,3
5547,17893.0,2011-04-28 13:50:00,225,2,16,5,112.25,1,3
5549,17895.0,2011-10-26 17:00:00,44,4,16,5,98.0,1,3
5550,17896.0,2011-11-16 13:59:00,23,4,2,5,256.32,1,3
5553,17899.0,2011-07-03 14:58:00,159,3,32,4,155.8,1,3
5554,17900.0,2011-06-28 12:09:00,164,3,11,5,209.39999999999998,1,3
5555,17901.0,2011-11-10 17:29:00,29,4,22,4,260.08,1,3
5556,17902.0,2010-06-11 12:25:00,546,1,24,4,216.39999999999998,1,3
5560,17906.0,2011-04-06 17:25:00,247,2,12,5,72.9,1,3
5561,17907.0,2010-03-09 12:33:00,640,1,13,5,291.76,2,3
5563,17909.0,2009-12-02 13:10:00,737,1,9,5,132.55,1,3
5564,17910.0,2009-12-13 16:04:00,726,1,26,4,261.7,1,3
5569,17915.0,2010-06-06 13:22:00,551,1,35,4,242.13,1,3
5570,17916.0,2010-03-21 12:26:00,628,1,19,4,43.87,1,3
5576,17922.0,2010-06-14 16:32:00,543,1,8,5,170.4,1,3
5577,17923.0,2011-03-02 15:15:00,282,2,3,5,497.0,2,3
5579,17925.0,2010-12-02 10:10:00,372,2,2,5,488.16,2,3
5581,17927.0,2009-12-18 11:03:00,721,1,10,5,294.0,2,3
5587,17933.0,2010-03-17 15:11:00,632,1,14,5,114.69,1,3
5592,17938.0,2010-10-15 14:27:00,420,1,29,4,144.29,1,3
5593,17939.0,2011-07-03 12:27:00,159,3,12,5,99.14,1,3
5596,17942.0,2011-12-02 10:45:00,7,5,2,5,77.50000000000001,1,3
5597,17943.0,2010-01-29 11:07:00,679,1,1,5,165.03,1,3
5598,17944.0,2010-10-12 16:25:00,423,1,26,4,75.41,1,3
5600,17946.0,2011-04-20 17:00:00,233,2,20,4,149.57999999999998,1,3
5601,17947.0,2011-11-02 13:05:00,37,4,9,5,176.68,1,3
5602,17948.0,2011-07-15 12:58:00,147,3,1,5,358.56000000000006,2,3
5607,17953.0,2010-06-17 15:08:00,540,1,21,4,160.82,1,3
5610,17956.0,2011-04-04 13:47:00,249,2,1,5,12.75,1,3
5611,17957.0,2011-10-04 14:58:00,66,3,31,4,111.68,1,3
5613,17959.0,2010-04-26 14:12:00,592,1,2,5,140.75,1,3
5614,17960.0,2011-06-21 14:15:00,171,3,37,4,135.08,1,3
5624,17970.0,2011-05-12 20:03:00,211,2,31,4,582.59,2,3
5625,17971.0,2010-06-09 14:04:00,548,1,21,4,161.94,1,3
5626,17972.0,2011-04-12 12:16:00,241,2,31,4,136.04,1,3
5635,17981.0,2010-10-25 10:40:00,410,2,17,4,239.12,1,3
5636,17982.0,2010-01-28 09:38:00,680,1,13,5,138.18,1,3
5637,17983.0,2010-11-09 13:24:00,395,2,24,4,171.71,1,3
5640,17986.0,2011-10-14 14:22:00,56,4,1,5,20.8,1,3
5643,17989.0,2010-11-25 13:49:00,379,2,34,4,228.82999999999998,1,3
5646,17992.0,2010-11-15 13:04:00,389,2,53,3,254.13,1,3
5647,17993.0,2010-04-01 14:23:00,617,1,64,3,235.19,1,3
5649,17995.0,2011-03-03 12:30:00,281,2,29,4,495.48,2,3
5654,18000.0,2010-05-24 17:34:00,564,1,6,5,124.25,1,3
5656,18002.0,2010-11-29 10:57:00,375,2,54,3,249.92,1,3
5657,18003.0,2010-11-28 15:09:00,376,2,25,4,358.61,2,3
5658,18004.0,2010-12-12 13:47:00,362,2,40,3,169.47,1,3
5661,18007.0,2010-11-12 11:08:00,392,2,51,3,220.32,1,3
5664,18010.0,2011-03-28 12:27:00,256,2,14,5,174.8,1,3
5666,18012.0,2009-12-16 13:16:00,723,1,13,5,115.3,1,3
5667,18013.0,2011-07-07 14:11:00,155,3,31,4,187.29,1,3
5668,18014.0,2011-11-11 15:28:00,28,4,32,4,166.42,1,3
5673,18019.0,2011-10-19 12:10:00,51,4,5,5,38.45,1,3
5674,18020.0,2010-06-14 12:47:00,543,1,14,5,251.68,1,3
5675,18021.0,2010-07-18 10:52:00,509,1,33,4,227.06,1,3
5681,18027.0,2011-09-02 10:38:00,98,3,21,4,115.31,1,3
5682,18028.0,2010-05-05 13:28:00,583,1,4,5,192.05,1,3
5683,18029.0,2010-03-07 15:30:00,642,1,18,4,433.77,2,3
5684,18030.0,2011-12-05 16:37:00,4,5,10,5,240.6,1,3
5686,18032.0,2011-01-09 15:32:00,334,2,5,5,73.5,1,3
5687,18033.0,2011-10-05 17:28:00,65,3,34,4,97.97,1,3
5691,18037.0,2011-07-08 13:39:00,154,3,33,4,167.42,1,3
5692,18038.0,2010-06-01 15:59:00,556,1,32,4,149.41,1,3
5696,18042.0,2011-10-17 11:49:00,53,4,16,5,281.15,1,3
5700,18046.0,2010-02-28 11:36:00,649,1,26,4,189.63,1,3
5704,18050.0,2010-12-15 14:25:00,359,2,23,4,412.06,2,3
5708,18054.0,2010-11-12 08:18:00,392,2,11,5,176.5,1,3
5710,18056.0,2011-02-24 14:27:00,288,2,31,4,569.45,2,3
5717,18063.0,2010-11-14 10:46:00,390,2,3,5,186.60000000000002,1,3
5722,18068.0,2011-02-23 14:50:00,289,2,1,5,101.69999999999999,1,3
5724,18070.0,2010-02-08 13:28:00,669,1,10,5,320.45,2,3
5730,18076.0,2010-11-24 14:02:00,380,2,8,5,151.49,1,3
5740,18086.0,2011-03-10 13:34:00,274,2,7,5,101.34,1,3
5743,18089.0,2010-09-19 11:57:00,446,1,10,5,428.45,2,3
5745,18091.0,2010-04-25 13:18:00,593,1,25,4,360.85,2,3
5753,18099.0,2011-08-04 15:52:00,127,3,19,4,168.31,1,3
5754,18100.0,2010-06-07 14:19:00,550,1,30,4,451.56,2,3
5757,18103.0,2010-06-08 13:36:00,549,1,10,5,105.8,1,3
5759,18105.0,2011-11-02 12:04:00,37,4,18,4,113.48000000000002,1,3
5761,18107.0,2010-09-23 13:03:00,442,1,39,3,167.13,1,3
5765,18111.0,2010-05-05 13:30:00,583,1,30,4,412.8,2,3
5767,18113.0,2010-12-06 12:31:00,368,2,2,5,152.64000000000001,1,3
5768,18114.0,2011-02-22 13:20:00,290,2,28,4,220.1,1,3
5769,18115.0,2010-01-11 11:57:00,697,1,3,5,9.700000000000001,1,3
5774,18120.0,2011-05-09 13:45:00,214,2,17,4,111.15,1,3
5778,18124.0,2010-08-24 17:21:00,472,1,24,4,111.53,1,3
5783,18129.0,2011-04-10 14:16:00,243,2,14,5,112.55000000000001,1,3
5785,18131.0,2010-03-18 08:48:00,631,1,4,5,222.95999999999998,1,3
5786,18132.0,2010-07-23 16:54:00,504,1,66,3,226.9,1,3
5787,18133.0,2011-05-12 15:19:00,211,2,2,5,1147.5,3,3
5788,18134.0,2010-04-20 14:02:00,598,1,28,4,445.0,2,3
5791,18137.0,2010-06-06 14:18:00,551,1,29,4,145.99,1,3
5792,18138.0,2011-02-17 14:51:00,295,2,8,5,152.65,1,3
5800,18146.0,2011-07-22 12:08:00,140,3,10,5,160.35000000000002,1,3
5801,18147.0,2011-10-25 11:46:00,45,4,7,5,179.33999999999997,1,3
5802,18148.0,2010-03-03 11:40:00,646,1,11,5,114.10000000000001,1,3
5806,18152.0,2010-03-03 15:26:00,646,1,10,5,426.69,2,3
5807,18153.0,2010-02-18 15:50:00,659,1,17,4,246.22,1,3
5811,18157.0,2010-05-17 14:09:00,571,1,26,4,215.35,1,3
5813,18159.0,2011-02-11 14:26:00,301,2,23,4,530.15,2,3
5819,18165.0,2011-06-15 13:23:00,177,3,10,5,302.46000000000004,2,3
5820,18166.0,2010-03-26 12:26:00,623,1,10,5,175.5,1,3
5823,18169.0,2011-10-10 12:18:00,60,3,9,5,202.65,1,3
5828,18174.0,2011-12-02 16:56:00,7,5,2,5,162.5,1,3
5829,18175.0,2010-02-02 10:25:00,675,1,7,5,176.1,1,3
5830,18176.0,2010-12-21 12:33:00,353,2,33,4,504.05,2,3
5836,18182.0,2010-09-02 14:25:00,463,1,10,5,291.13,2,3
5838,18184.0,2011-11-24 15:28:00,15,5,1,5,49.8,1,3
5839,18185.0,2011-04-04 13:42:00,249,2,17,4,304.25,2,3
5840,18186.0,2009-12-17 10:22:00,722,1,11,5,329.58,2,3
5845,18191.0,2011-03-23 12:08:00,261,2,15,5,529.4,2,3
5849,18195.0,2010-11-17 15:03:00,387,2,5,5,101.16,1,3
5851,18197.0,2010-07-14 12:13:00,513,1,11,5,238.79999999999998,1,3
5853,18199.0,2010-02-02 08:39:00,675,1,21,4,347.3,2,3
5854,18200.0,2011-08-25 18:45:00,106,3,32,4,163.8,1,3
5855,18201.0,2009-12-17 08:55:00,722,1,27,4,447.53000000000003,2,3
5860,18206.0,2010-06-04 13:47:00,553,1,19,4,314.65999999999997,2,3
5861,18207.0,2010-08-03 08:58:00,493,1,34,4,583.82,2,3
5862,18208.0,2010-05-23 11:54:00,565,1,17,4,360.08,2,3
5863,18209.0,2011-11-11 12:07:00,28,4,8,5,139.10000000000002,1,3
5867,18213.0,2011-04-17 10:21:00,236,2,15,5,232.48000000000002,1,3
5878,18224.0,2011-03-21 10:30:00,263,2,10,5,158.95000000000002,1,3
5881,18227.0,2011-05-06 12:23:00,217,2,7,5,683.75,3,3
5887,18233.0,2011-01-18 08:44:00,325,2,1,5,440.0,2,3
5888,18234.0,2010-06-06 11:22:00,551,1,30,4,179.6,1,3
5892,18238.0,2010-07-12 12:51:00,515,1,14,5,270.92,1,3
5897,18243.0,2010-10-21 14:29:00,414,1,26,4,515.78,2,3
5898,18244.0,2010-10-05 11:15:00,430,1,19,4,568.64,2,3
5903,18249.0,2011-11-22 15:07:00,17,5,8,5,95.34,1,3
5904,18250.0,2011-02-11 13:59:00,301,2,22,4,355.62,2,3
5907,18253.0,2010-03-07 12:38:00,642,1,7,5,317.88,2,3
5908,18254.0,2010-05-07 14:37:00,581,1,16,5,267.9,1,3
5910,18256.0,2010-12-20 08:27:00,354,2,14,5,160.8,1,3
5918,18264.0,2010-07-29 10:02:00,498,1,36,4,603.25,2,3
5920,18266.0,2010-10-01 15:33:00,434,1,14,5,251.1,1,3
5921,18267.0,2010-02-18 09:12:00,659,1,20,4,285.87,1,3
5923,18269.0,2010-12-16 15:39:00,358,2,15,5,366.9,2,3
5933,18279.0,2010-07-08 14:48:00,519,1,13,5,231.33999999999997,1,3
5934,18280.0,2011-03-07 09:52:00,277,2,32,4,503.85,2,3
5935,18281.0,2011-06-12 10:53:00,180,3,17,4,201.14,1,3
5936,18282.0,2011-12-02 11:43:00,7,5,13,5,179.5,1,3
5938,18284.0,2010-10-06 12:31:00,429,1,29,4,486.68,2,3
5939,18285.0,2010-02-17 10:24:00,660,1,12,5,427.0,2,3
