,Customer ID,Last Invoice,Last Bought Days,Recency Score,Transaction Count,Frequency Score,Total value,Monetary Score,Cluster
8,12354.0,2011-04-21 13:11:00,232,2,58,3,1079.4,3,2
9,12355.0,2011-05-09 13:49:00,214,2,35,4,947.61,3,2
17,12363.0,2011-08-22 10:18:00,109,3,23,4,552.0,2,2
19,12365.0,2011-02-21 14:04:00,291,2,23,4,962.0699999999999,3,2
22,12368.0,2010-03-21 15:56:00,628,1,18,4,917.6999999999999,3,2
27,12373.0,2011-02-01 13:10:00,311,2,51,3,1127.65,3,2
29,12375.0,2011-12-07 11:27:00,2,5,18,4,459.58000000000004,2,2
38,12384.0,2011-11-11 08:39:00,28,4,30,4,604.38,2,2
39,12385.0,2010-11-25 15:19:00,379,2,66,3,1953.4,4,2
40,12386.0,2011-01-06 12:37:00,337,2,18,4,660.8,3,2
43,12389.0,2010-11-02 11:52:00,402,2,49,3,1433.33,4,2
44,12390.0,2011-09-21 09:33:00,79,3,32,4,549.84,2,2
48,12394.0,2011-10-07 08:08:00,63,3,27,4,1272.48,4,2
50,12396.0,2010-02-03 13:22:00,674,1,65,3,931.43,3,2
56,12402.0,2011-01-20 13:49:00,323,2,71,3,1269.65,4,2
57,12403.0,2011-10-21 11:00:00,49,4,10,5,1037.3600000000001,3,2
64,12410.0,2011-02-11 15:47:00,301,2,42,3,1025.96,3,2
67,12413.0,2011-10-04 09:00:00,66,3,53,3,1063.4,3,2
68,12414.0,2011-05-06 14:51:00,217,2,37,4,1212.41,3,2
74,12420.0,2011-10-07 08:55:00,63,3,29,4,600.39,2,2
88,12434.0,2011-09-16 12:38:00,84,3,74,3,1144.38,3,2
93,12439.0,2010-01-26 12:11:00,682,1,75,3,1211.88,3,2
94,12440.0,2010-09-08 15:57:00,457,1,35,4,950.25,3,2
99,12445.0,2011-11-17 18:43:00,22,4,25,4,443.48,2,2
102,12448.0,2011-10-26 13:46:00,44,4,22,4,449.45,2,2
104,12450.0,2011-07-06 14:41:00,156,3,40,3,709.45,3,2
106,12452.0,2011-11-23 10:28:00,16,5,23,4,432.57,2,2
107,12453.0,2011-07-28 14:08:00,134,3,43,3,707.09,3,2
115,12461.0,2011-09-06 16:57:00,94,3,35,4,826.88,3,2
123,12469.0,2010-07-05 12:40:00,522,1,76,3,3070.54,4,2
133,12479.0,2011-12-06 09:25:00,3,5,35,4,577.1,2,2
139,12485.0,2010-06-28 15:22:00,529,1,34,4,708.1,3,2
140,12486.0,2010-10-04 12:14:00,431,1,49,3,1037.28,3,2
145,12491.0,2011-11-01 12:18:00,38,4,26,4,460.40000000000003,2,2
146,12492.0,2011-10-07 15:15:00,63,3,42,3,715.21,3,2
147,12493.0,2011-06-27 10:17:00,165,3,23,4,450.69,2,2
152,12498.0,2011-11-18 12:53:00,21,4,23,4,403.70000000000005,2,2
157,12503.0,2011-01-06 11:51:00,337,2,3,5,2252.0,4,2
159,12505.0,2011-02-11 13:39:00,301,2,47,3,1002.4,3,2
162,12508.0,2011-11-13 15:37:00,26,4,69,3,398.27,2,2
167,12513.0,2011-09-16 12:45:00,84,3,36,4,637.79,3,2
173,12519.0,2011-10-07 09:26:00,63,3,42,3,757.89,3,2
175,12521.0,2011-07-20 10:51:00,142,3,38,4,599.68,2,2
179,12525.0,2010-08-05 18:09:00,491,1,77,3,1112.28,3,2
181,12527.0,2011-09-19 11:55:00,81,3,32,4,735.51,3,2
186,12532.0,2011-11-09 13:47:00,30,4,16,5,349.83000000000004,2,2
188,12534.0,2011-08-01 10:26:00,130,3,63,3,1089.18,3,2
189,12535.0,2011-09-09 08:48:00,91,3,34,4,716.35,3,2
191,12537.0,2010-10-27 08:36:00,408,2,43,3,732.94,3,2
192,12538.0,2011-11-10 17:16:00,29,4,34,4,640.45,3,2
196,12542.0,2010-08-12 19:12:00,484,1,45,3,540.38,2,2
197,12543.0,2010-09-17 15:51:00,448,1,43,3,980.25,3,2
198,12544.0,2011-11-10 11:12:00,29,4,20,4,389.7,2,2
199,12545.0,2011-09-25 13:39:00,75,3,50,3,1000.39,3,2
203,12549.0,2010-05-13 12:05:00,575,1,49,3,1575.68,4,2
204,12550.0,2011-09-21 14:35:00,79,3,57,3,964.83,3,2
206,12552.0,2011-11-01 10:02:00,38,4,20,4,437.82,2,2
212,12558.0,2011-12-08 10:14:00,1,5,22,4,539.92,2,2
220,12566.0,2011-09-28 09:57:00,72,3,20,4,356.6,2,2
225,12571.0,2011-10-31 10:19:00,39,4,34,4,519.61,2,2
227,12573.0,2011-04-26 15:52:00,227,2,119,2,717.41,3,2
233,12579.0,2011-09-27 13:57:00,73,3,31,4,470.12,2,2
234,12580.0,2011-04-07 10:24:00,246,2,58,3,1052.9,3,2
245,12591.0,2011-01-26 14:35:00,317,2,69,3,1352.15,4,2
247,12593.0,2011-08-23 12:43:00,108,3,21,4,418.09999999999997,2,2
250,12596.0,2011-10-19 13:02:00,51,4,27,4,618.27,2,2
255,12601.0,2011-06-03 10:17:00,189,3,35,4,688.76,3,2
257,12603.0,2011-11-18 10:42:00,21,4,3,5,739.1999999999999,3,2
259,12605.0,2010-12-09 15:41:00,365,2,82,2,1247.95,3,2
266,12612.0,2011-10-13 12:12:00,57,4,21,4,764.49,3,2
270,12616.0,2011-09-15 17:02:00,85,3,59,3,1216.85,3,2
271,12617.0,2011-11-10 14:39:00,29,4,42,3,355.53,2,2
278,12624.0,2011-08-25 15:04:00,106,3,38,4,641.13,3,2
283,12629.0,2010-11-19 09:18:00,385,2,45,3,1558.22,4,2
286,12632.0,2010-07-07 09:39:00,520,1,38,4,870.88,3,2
293,12639.0,2011-04-15 12:48:00,238,2,64,3,1312.37,4,2
302,12648.0,2011-07-08 11:55:00,154,3,66,3,1127.0,3,2
304,12650.0,2011-12-06 16:34:00,3,5,20,4,314.44,2,2
306,12652.0,2011-01-21 17:01:00,322,2,54,3,1022.48,3,2
308,12654.0,2011-11-29 10:10:00,10,5,38,4,601.98,2,2
320,12666.0,2010-12-15 14:42:00,359,2,33,4,1475.8600000000001,4,2
321,12667.0,2011-10-12 17:00:00,58,4,33,4,620.13,2,2
325,12671.0,2010-04-12 16:30:00,606,1,45,3,2622.481,4,2
329,12675.0,2010-06-04 09:49:00,553,1,115,2,982.2,3,2
350,12696.0,2010-10-01 10:43:00,434,1,50,3,902.67,3,2
353,12699.0,2010-10-18 12:07:00,417,1,41,3,638.11,3,2
365,12711.0,2010-04-07 11:59:00,611,1,60,3,1339.05,4,2
369,12715.0,2011-08-25 15:22:00,106,3,21,4,353.86,2,2
376,12722.0,2011-09-15 14:50:00,85,3,57,3,1090.93,3,2
382,12728.0,2011-09-29 15:31:00,71,3,61,3,1070.17,3,2
383,12729.0,2011-08-18 11:40:00,113,3,26,4,453.01,2,2
384,12730.0,2010-07-06 12:19:00,521,1,47,3,829.25,3,2
388,12734.0,2010-12-22 12:47:00,352,2,19,4,639.65,3,2
389,12735.0,2011-01-28 13:37:00,315,2,43,3,779.5699999999999,3,2
391,12737.0,2010-07-29 12:29:00,498,1,2,5,3710.5,5,2
394,12740.0,2011-10-07 10:44:00,63,3,27,4,427.6,2,2
396,12742.0,2010-04-19 11:10:00,599,1,68,3,1218.02,3,2
397,12743.0,2011-07-28 16:21:00,134,3,134,2,546.43,2,2
399,12745.0,2010-08-10 10:14:00,486,1,23,4,925.41,3,2
408,12754.0,2011-04-18 09:00:00,235,2,65,3,3072.3599999999997,4,2
415,12761.0,2010-09-08 12:17:00,457,1,27,4,782.95,3,2
417,12763.0,2011-07-24 14:12:00,138,3,34,4,814.16,3,2
418,12764.0,2011-01-27 10:19:00,316,2,45,3,1693.88,4,2
419,12765.0,2010-08-24 13:51:00,472,1,68,3,1404.58,4,2
421,12767.0,2010-11-29 09:38:00,375,2,43,3,949.82,3,2
423,12769.0,2011-04-15 10:25:00,238,2,32,4,1143.6,3,2
424,12770.0,2011-05-13 09:33:00,210,2,37,4,3516.95,5,2
426,12772.0,2011-10-11 09:19:00,59,3,55,3,892.47,3,2
435,12781.0,2011-11-18 15:45:00,21,4,30,4,945.76,3,2
440,12786.0,2010-04-09 12:12:00,609,1,18,4,728.5,3,2
444,12790.0,2011-05-31 14:14:00,192,2,40,3,620.25,2,2
445,12791.0,2010-12-01 11:27:00,373,2,32,4,1334.47,4,2
446,12792.0,2011-03-28 11:36:00,256,2,48,3,840.14,3,2
447,12793.0,2011-01-09 12:12:00,334,2,51,3,1017.33,3,2
449,12795.0,2011-11-21 10:27:00,18,5,14,5,430.48,2,2
451,12797.0,2010-12-14 16:24:00,360,2,49,3,886.76,3,2
455,12801.0,2010-08-19 12:04:00,477,1,51,3,1111.77,3,2
457,12803.0,2010-11-11 14:57:00,393,2,55,3,1092.81,3,2
458,12804.0,2010-08-31 11:58:00,465,1,67,3,327.02,2,2
459,12805.0,2010-11-23 12:27:00,381,2,58,3,1434.95,4,2
460,12806.0,2010-09-30 13:34:00,435,1,67,3,2878.96,4,2
465,12811.0,2011-03-24 09:42:00,260,2,56,3,1033.9,3,2
467,12813.0,2010-07-26 09:50:00,501,1,45,3,1687.8,4,2
469,12815.0,2011-07-15 10:21:00,147,3,47,3,1063.46,3,2
470,12816.0,2011-09-05 12:41:00,95,3,29,4,572.2,2,2
471,12817.0,2011-03-03 16:28:00,281,2,25,4,690.98,3,2
472,12818.0,2011-06-14 13:54:00,178,3,16,5,1566.28,4,2
476,12822.0,2011-09-30 10:04:00,70,3,47,3,978.7800000000001,3,2
478,12824.0,2011-10-11 12:49:00,59,3,25,4,397.12,2,2
481,12827.0,2011-12-04 12:17:00,5,5,25,4,430.15000000000003,2,2
486,12832.0,2011-11-07 13:30:00,32,4,27,4,383.03,2,2
487,12833.0,2011-07-17 13:46:00,145,3,24,4,417.38,2,2
505,12851.0,2011-09-04 12:41:00,96,3,80,2,284.13,1,2
509,12855.0,2010-12-02 09:37:00,372,2,70,3,650.9399999999999,3,2
516,12862.0,2010-10-10 11:47:00,425,1,133,2,1008.3199999999999,3,2
520,12866.0,2011-03-01 14:11:00,283,2,63,3,1227.35,3,2
525,12871.0,2011-09-16 15:07:00,84,3,18,4,744.02,3,2
527,12873.0,2011-03-02 14:58:00,282,2,35,4,2027.3,4,2
528,12874.0,2010-11-19 15:23:00,385,2,49,3,963.42,3,2
529,12875.0,2011-07-19 15:30:00,143,3,8,5,1356.99,4,2
533,12879.0,2011-10-26 12:24:00,44,4,12,5,593.87,2,2
534,12880.0,2010-11-23 10:50:00,381,2,36,4,640.13,3,2
539,12885.0,2011-10-07 13:40:00,63,3,72,3,1192.17,3,2
545,12891.0,2011-06-07 12:31:00,185,3,12,5,861.5,3,2
549,12895.0,2011-10-28 13:51:00,42,4,24,4,398.3,2,2
557,12903.0,2010-10-07 12:39:00,428,1,41,3,833.53,3,2
559,12905.0,2010-05-12 10:05:00,576,1,55,3,1025.02,3,2
562,12908.0,2011-10-12 10:11:00,58,4,7,5,2280.0,4,2
572,12918.0,2010-03-23 15:24:00,626,1,3,5,32860.5,5,2
576,12922.0,2011-07-01 15:35:00,161,3,28,4,405.38,2,2
577,12923.0,2011-10-06 16:20:00,64,3,62,3,789.87,3,2
584,12930.0,2011-09-22 15:18:00,78,3,27,4,421.7,2,2
598,12944.0,2011-11-04 11:04:00,35,4,30,4,604.51,2,2
599,12945.0,2011-02-24 14:15:00,288,2,51,3,900.11,3,2
610,12956.0,2011-02-06 16:08:00,306,2,42,3,521.89,2,2
612,12958.0,2010-11-04 16:16:00,400,2,57,3,539.49,2,2
614,12960.0,2010-10-22 09:31:00,413,2,70,3,1322.07,4,2
626,12972.0,2010-10-22 08:41:00,413,2,85,2,1206.45,3,2
631,12977.0,2011-07-06 16:40:00,156,3,59,3,517.63,2,2
633,12979.0,2009-12-10 15:57:00,729,1,57,3,555.86,2,2
635,12981.0,2011-11-10 12:00:00,29,4,20,4,372.21999999999997,2,2
642,12988.0,2011-02-20 14:31:00,292,2,92,2,535.32,2,2
644,12990.0,2011-11-08 13:01:00,31,4,27,4,955.5,3,2
652,12998.0,2010-08-04 08:05:00,492,1,61,3,942.78,3,2
654,13000.0,2011-08-25 10:43:00,106,3,65,3,1100.0,3,2
659,13005.0,2011-06-19 10:53:00,173,3,60,3,1064.33,3,2
662,13008.0,2011-01-20 14:24:00,323,2,39,3,680.98,3,2
670,13016.0,2011-09-27 14:08:00,73,3,47,3,789.89,3,2
673,13019.0,2010-11-25 14:56:00,379,2,57,3,1246.95,3,2
674,13020.0,2010-06-09 15:54:00,548,1,42,3,630.96,3,2
692,13038.0,2011-09-20 14:37:00,80,3,28,4,908.46,3,2
693,13039.0,2010-05-04 16:45:00,584,1,55,3,1010.73,3,2
695,13041.0,2010-09-15 11:44:00,450,1,35,4,799.13,3,2
699,13045.0,2011-09-01 15:04:00,99,3,45,3,808.92,3,2
703,13049.0,2011-10-06 15:31:00,64,3,28,4,1432.3400000000001,4,2
711,13057.0,2010-06-27 15:44:00,530,1,43,3,903.44,3,2
719,13065.0,2010-12-01 16:52:00,373,2,77,3,1265.8600000000001,4,2
720,13066.0,2011-11-15 13:39:00,24,4,49,3,510.7,2,2
721,13067.0,2011-09-18 13:38:00,82,3,32,4,508.51,2,2
722,13068.0,2011-11-29 15:00:00,10,5,2,5,344.0,2,2
724,13070.0,2011-05-31 13:45:00,192,2,35,4,759.5,3,2
728,13074.0,2010-07-16 16:53:00,511,1,30,4,1394.64,4,2
729,13075.0,2011-08-02 10:19:00,129,3,22,4,919.61,3,2
733,13079.0,2011-12-05 16:53:00,4,5,17,4,419.18,2,2
734,13080.0,2011-06-13 14:59:00,179,3,20,4,300.63,2,2
737,13083.0,2011-12-05 15:01:00,4,5,22,4,395.43,2,2
740,13086.0,2010-11-22 10:28:00,382,2,47,3,439.33000000000004,2,2
754,13100.0,2010-03-25 12:28:00,624,1,1,5,1598.67,4,2
755,13101.0,2011-04-19 14:37:00,234,2,51,3,695.4,3,2
757,13103.0,2011-10-31 09:38:00,39,4,33,4,709.64,3,2
760,13106.0,2011-08-03 11:50:00,128,3,17,4,620.46,2,2
762,13108.0,2010-12-02 10:35:00,372,2,45,3,1098.52,3,2
770,13116.0,2011-08-14 14:36:00,117,3,31,4,517.09,2,2
775,13121.0,2011-03-15 16:51:00,269,2,53,3,312.73,2,2
776,13122.0,2011-09-06 15:53:00,94,3,55,3,922.39,3,2
777,13123.0,2010-08-24 10:18:00,472,1,45,3,506.75,2,2
789,13135.0,2011-05-27 10:52:00,196,2,18,4,3371.45,5,2
796,13142.0,2011-11-20 16:07:00,19,4,23,4,307.09,2,2
799,13145.0,2011-10-31 12:45:00,39,4,11,5,1427.27,4,2
801,13147.0,2011-11-29 13:59:00,10,5,4,5,712.8000000000001,3,2
807,13153.0,2011-12-04 12:14:00,5,5,15,5,486.22,2,2
820,13166.0,2011-03-02 14:28:00,282,2,70,3,886.68,3,2
823,13169.0,2011-10-07 12:11:00,63,3,18,4,840.08,3,2
829,13175.0,2010-06-03 19:13:00,554,1,51,3,869.8,3,2
830,13176.0,2011-10-24 15:43:00,46,4,72,3,492.84,2,2
831,13177.0,2011-10-06 09:56:00,64,3,30,4,512.2,2,2
841,13187.0,2011-01-06 18:57:00,337,2,65,3,385.71,2,2
843,13189.0,2011-11-21 10:39:00,18,5,29,4,260.68,1,2
855,13201.0,2010-07-25 14:30:00,502,1,88,2,1240.6100000000001,3,2
856,13202.0,2010-11-26 12:05:00,378,2,70,3,1589.25,4,2
858,13204.0,2009-12-08 14:56:00,731,1,57,3,966.6600000000001,3,2
859,13205.0,2010-09-22 16:26:00,443,1,1,5,2803.2,4,2
861,13207.0,2011-11-24 14:52:00,15,5,13,5,535.86,2,2
864,13210.0,2011-09-07 08:18:00,93,3,22,4,353.48,2,2
871,13217.0,2011-08-09 15:32:00,122,3,8,5,1066.8400000000001,3,2
875,13221.0,2011-04-13 16:58:00,240,2,66,3,847.41,3,2
887,13233.0,2011-09-26 13:25:00,74,3,76,3,1176.46,3,2
888,13234.0,2010-02-05 11:41:00,672,1,63,3,356.95,2,2
889,13235.0,2011-05-12 09:48:00,211,2,59,3,1960.97,4,2
891,13237.0,2010-11-17 10:07:00,387,2,24,4,643.0,3,2
896,13242.0,2011-08-19 12:53:00,112,3,35,4,699.4,3,2
901,13247.0,2011-11-22 10:59:00,17,5,25,4,501.12,2,2
902,13248.0,2011-08-07 12:40:00,124,3,26,4,465.68,2,2
903,13249.0,2011-09-08 13:26:00,92,3,35,4,1608.93,4,2
916,13262.0,2011-03-21 15:06:00,263,2,50,3,573.45,2,2
918,13264.0,2010-09-23 12:42:00,442,1,38,4,722.5600000000001,3,2
925,13271.0,2011-11-02 14:43:00,37,4,101,2,256.5,1,2
931,13277.0,2011-11-24 09:21:00,15,5,23,4,523.3,2,2
937,13283.0,2011-10-11 09:50:00,59,3,20,4,373.36,2,2
940,13286.0,2010-04-18 15:35:00,600,1,49,3,734.91,3,2
941,13287.0,2010-05-05 13:10:00,583,1,74,3,1043.51,3,2
947,13293.0,2010-11-12 13:28:00,392,2,73,3,1205.54,3,2
949,13295.0,2010-12-15 11:21:00,359,2,76,3,1145.92,3,2
950,13296.0,2011-07-25 13:46:00,137,3,53,3,792.51,3,2
952,13298.0,2011-12-08 13:11:00,1,5,2,5,360.0,2,2
953,13299.0,2011-03-16 12:55:00,268,2,66,3,1264.1000000000001,4,2
955,13301.0,2011-08-28 11:25:00,103,3,81,2,618.09,2,2
965,13311.0,2011-12-05 12:55:00,4,5,26,4,598.57,2,2
976,13322.0,2011-11-22 14:21:00,17,5,25,4,199.48000000000002,1,2
979,13325.0,2011-09-19 10:36:00,81,3,12,5,675.3,3,2
982,13328.0,2011-01-27 15:22:00,316,2,17,4,1308.48,4,2
986,13332.0,2011-11-25 13:30:00,14,5,21,4,350.9,2,2
987,13333.0,2010-10-24 13:24:00,411,2,55,3,1015.74,3,2
990,13336.0,2011-09-23 14:05:00,77,3,51,3,795.12,3,2
993,13339.0,2011-05-23 08:31:00,200,2,54,3,860.12,3,2
995,13341.0,2011-03-24 09:50:00,260,2,42,3,775.85,3,2
997,13343.0,2011-06-20 11:37:00,172,3,22,4,402.93,2,2
1006,13352.0,2011-12-02 11:58:00,7,5,27,4,406.67999999999995,2,2
1008,13354.0,2011-09-29 13:17:00,71,3,51,3,743.53,3,2
1009,13355.0,2011-08-09 14:48:00,122,3,32,4,674.7,3,2
1010,13356.0,2011-09-20 14:33:00,80,3,42,3,768.24,3,2
1013,13359.0,2011-10-11 16:48:00,59,3,61,3,1084.66,3,2
1014,13360.0,2010-10-07 19:28:00,428,1,73,3,1643.2,4,2
1015,13361.0,2010-08-24 14:56:00,472,1,34,4,1450.5,4,2
1022,13368.0,2011-03-28 09:59:00,256,2,53,3,1156.9,3,2
1023,13369.0,2010-12-20 14:02:00,354,2,33,4,661.09,3,2
1026,13372.0,2011-09-11 12:46:00,89,3,23,4,378.64,2,2
1030,13376.0,2011-09-01 16:16:00,99,3,53,3,1019.76,3,2
1040,13386.0,2010-10-21 12:52:00,414,1,31,4,835.46,3,2
1042,13388.0,2011-08-10 13:35:00,121,3,70,3,1235.6,3,2
1047,13393.0,2010-05-05 09:34:00,583,1,73,3,1157.05,3,2
1052,13398.0,2011-05-31 13:17:00,192,2,39,3,670.34,3,2
1055,13401.0,2010-03-25 15:39:00,624,1,1,5,1834.14,4,2
1059,13405.0,2011-09-26 17:01:00,74,3,46,3,1231.061,3,2
1067,13413.0,2010-03-10 12:17:00,639,1,45,3,513.08,2,2
1069,13415.0,2010-08-24 11:38:00,472,1,116,2,919.42,3,2
1070,13416.0,2011-10-27 08:56:00,43,4,26,4,940.8000000000001,3,2
1078,13424.0,2010-09-21 19:46:00,444,1,41,3,587.62,2,2
1086,13432.0,2010-05-17 13:18:00,571,1,111,2,439.1,2,2
1087,13433.0,2010-09-28 18:46:00,437,1,25,4,659.77,3,2
1088,13434.0,2011-09-26 14:30:00,74,3,35,4,1666.8600000000001,4,2
1093,13439.0,2011-03-29 14:20:00,255,2,167,2,986.61,3,2
1094,13440.0,2010-10-12 17:53:00,423,1,70,3,1376.55,4,2
1095,13441.0,2011-09-09 09:38:00,91,3,38,4,720.9,3,2
1098,13444.0,2010-11-30 13:02:00,374,2,58,3,631.6800000000001,3,2
1103,13449.0,2011-11-16 08:28:00,23,4,19,4,291.88,2,2
1107,13453.0,2011-06-27 09:34:00,165,3,42,3,804.39,3,2
1113,13459.0,2010-03-25 10:24:00,624,1,73,3,1160.4099999999999,3,2
1116,13462.0,2011-06-09 19:53:00,183,3,72,3,1162.1,3,2
1119,13465.0,2010-09-19 15:13:00,446,1,34,4,931.12,3,2
1120,13466.0,2011-08-31 15:29:00,100,3,59,3,1074.45,3,2
1128,13474.0,2011-04-17 13:53:00,236,2,130,2,663.79,3,2
1133,13479.0,2011-05-25 16:49:00,198,2,58,3,894.24,3,2
1134,13480.0,2010-10-19 11:53:00,416,1,41,3,627.82,3,2
1138,13484.0,2011-04-12 16:30:00,241,2,40,3,814.12,3,2
1140,13486.0,2011-09-22 13:13:00,78,3,69,3,1122.41,3,2
1151,13497.0,2011-03-02 09:04:00,282,2,69,3,1374.33,4,2
1158,13504.0,2011-10-06 13:20:00,64,3,22,4,295.93,2,2
1166,13512.0,2011-03-24 10:03:00,260,2,39,3,713.39,3,2
1167,13513.0,2011-08-05 11:50:00,126,3,42,3,852.19,3,2
1168,13514.0,2011-09-27 09:39:00,73,3,21,4,815.9000000000001,3,2
1172,13518.0,2011-09-15 10:29:00,85,3,38,4,659.4399999999999,3,2
1173,13519.0,2011-10-20 15:56:00,50,4,20,4,355.16,2,2
1178,13524.0,2011-10-30 12:34:00,40,4,27,4,680.1800000000001,3,2
1179,13525.0,2011-11-25 12:01:00,14,5,6,5,628.78,3,2
1180,13526.0,2009-12-01 13:14:00,738,1,54,3,1421.3999999999999,4,2
1186,13532.0,2011-11-06 12:25:00,33,4,66,3,210.31,1,2
1187,13533.0,2011-06-10 11:54:00,182,3,76,3,270.79,1,2
1191,13537.0,2010-10-10 12:45:00,425,1,42,3,717.85,3,2
1194,13540.0,2010-08-29 14:20:00,467,1,32,4,632.39,3,2
1197,13543.0,2010-03-15 13:34:00,634,1,47,3,1439.6100000000001,4,2
1199,13545.0,2010-11-14 11:27:00,390,2,59,3,401.93,2,2
1204,13550.0,2010-11-21 15:24:00,383,2,44,3,349.51,2,2
1207,13553.0,2010-02-03 12:21:00,674,1,94,2,517.8,2,2
1214,13560.0,2011-12-02 13:11:00,7,5,33,4,174.37,1,2
1217,13563.0,2011-09-16 14:45:00,84,3,49,3,777.53,3,2
1219,13565.0,2011-11-20 14:33:00,19,4,60,3,414.8,2,2
1222,13568.0,2011-06-19 14:42:00,173,3,44,3,192.85,1,2
1226,13572.0,2011-05-18 11:59:00,205,2,33,4,1384.25,4,2
1228,13574.0,2010-10-24 13:28:00,411,2,103,2,421.25,2,2
1238,13584.0,2011-02-06 12:49:00,306,2,88,2,437.75,2,2
1239,13585.0,2010-06-27 12:33:00,530,1,40,3,694.62,3,2
1248,13594.0,2011-10-18 10:19:00,52,4,35,4,558.22,2,2
1249,13595.0,2010-07-11 12:36:00,516,1,152,2,818.22,3,2
1254,13600.0,2011-01-31 15:27:00,312,2,41,3,518.42,2,2
1256,13602.0,2011-10-06 11:47:00,64,3,58,3,1025.17,3,2
1258,13604.0,2010-02-25 18:38:00,652,1,23,4,721.85,3,2
1259,13605.0,2010-11-17 17:16:00,387,2,53,3,522.67,2,2
1260,13606.0,2011-11-10 17:46:00,29,4,43,3,280.53999999999996,1,2
1266,13612.0,2010-07-09 16:18:00,518,1,52,3,858.79,3,2
1267,13613.0,2010-09-13 12:01:00,452,1,59,3,1039.8500000000001,3,2
1276,13622.0,2010-01-20 10:30:00,688,1,34,4,666.45,3,2
1280,13626.0,2011-04-01 10:05:00,252,2,46,3,724.59,3,2
1285,13631.0,2011-09-01 09:57:00,99,3,12,5,3119.07,5,2
1295,13641.0,2010-03-09 07:37:00,640,1,50,3,1111.12,3,2
1296,13642.0,2011-05-08 12:34:00,215,2,115,2,527.47,2,2
1300,13646.0,2010-11-05 12:13:00,399,2,59,3,329.2,2,2
1311,13657.0,2011-11-29 12:32:00,10,5,16,5,382.14,2,2
1314,13660.0,2010-11-09 10:01:00,395,2,42,3,325.49,2,2
1321,13667.0,2011-07-13 15:42:00,149,3,87,2,305.02,2,2
1323,13669.0,2011-10-20 09:32:00,50,4,14,5,413.55,2,2
1324,13670.0,2011-09-25 15:25:00,75,3,25,4,349.7,2,2
1326,13672.0,2011-02-11 13:55:00,301,2,28,4,677.77,3,2
1329,13675.0,2011-07-11 12:57:00,151,3,25,4,486.82000000000005,2,2
1331,13677.0,2010-10-31 11:32:00,404,2,107,2,556.1899999999999,2,2
1338,13684.0,2011-02-27 10:25:00,285,2,113,2,647.44,3,2
1340,13686.0,2011-06-10 09:10:00,182,3,34,4,409.04,2,2
1343,13689.0,2011-10-07 13:21:00,63,3,9,5,1259.5,3,2
1350,13696.0,2010-10-14 09:44:00,421,1,25,4,2032.1000000000001,4,2
1352,13698.0,2010-04-22 11:52:00,596,1,40,3,465.53000000000003,2,2
1353,13699.0,2011-07-07 16:51:00,155,3,40,3,816.9,3,2
1357,13703.0,2011-01-25 13:10:00,318,2,73,3,751.62,3,2
1360,13706.0,2011-02-10 09:21:00,302,2,38,4,631.17,3,2
1362,13708.0,2011-03-13 13:46:00,271,2,51,3,296.88,2,2
1364,13710.0,2011-11-08 08:16:00,31,4,15,5,509.52,2,2
1366,13712.0,2011-04-07 12:33:00,246,2,33,4,766.42,3,2
1367,13713.0,2010-10-27 16:18:00,408,2,82,2,743.26,3,2
1374,13720.0,2011-08-15 12:46:00,116,3,43,3,799.9,3,2
1377,13723.0,2011-05-06 17:04:00,217,2,59,3,1209.2,3,2
1383,13729.0,2010-09-30 10:44:00,435,1,44,3,773.03,3,2
1384,13730.0,2011-07-27 08:35:00,135,3,43,3,752.6,3,2
1386,13732.0,2011-11-11 15:49:00,28,4,33,4,491.86,2,2
1388,13734.0,2010-07-19 12:04:00,508,1,30,4,9951.990000000002,5,2
1392,13738.0,2010-11-08 15:23:00,396,2,92,2,440.93,2,2
1393,13739.0,2011-11-21 13:35:00,18,5,6,5,292.2,2,2
1395,13741.0,2011-09-29 09:19:00,71,3,35,4,670.53,3,2
1398,13744.0,2011-09-05 15:19:00,95,3,72,3,1156.36,3,2
1399,13745.0,2011-07-11 14:21:00,151,3,59,3,793.45,3,2
1408,13754.0,2011-07-11 11:51:00,151,3,21,4,447.05,2,2
1413,13759.0,2011-11-06 14:47:00,33,4,25,4,659.4100000000001,3,2
1416,13762.0,2011-05-19 15:23:00,204,2,42,3,2779.2,4,2
1422,13768.0,2010-05-25 10:19:00,563,1,43,3,993.87,3,2
1424,13770.0,2010-10-13 15:10:00,422,1,48,3,785.37,3,2
1428,13774.0,2011-09-19 12:06:00,81,3,22,4,345.0,2,2
1429,13775.0,2010-04-28 12:15:00,590,1,63,3,1049.66,3,2
1430,13776.0,2010-10-07 16:59:00,428,1,8,5,1588.13,4,2
1432,13778.0,2011-08-28 15:25:00,103,3,45,3,1132.44,3,2
1435,13781.0,2011-04-03 12:08:00,250,2,58,3,786.78,3,2
1437,13783.0,2010-08-09 09:23:00,487,1,10,5,1542.09,4,2
1446,13792.0,2011-10-04 14:31:00,66,3,23,4,383.95,2,2
1449,13795.0,2010-11-16 17:25:00,388,2,29,4,836.3,3,2
1451,13797.0,2010-09-29 10:34:00,436,1,80,2,1190.45,3,2
1454,13800.0,2011-02-03 12:27:00,309,2,73,3,1679.56,4,2
1455,13801.0,2011-10-04 10:15:00,66,3,23,4,324.8,2,2
1459,13805.0,2011-10-18 14:50:00,52,4,13,5,924.6,3,2
1463,13809.0,2011-02-07 13:15:00,305,2,25,4,679.7,3,2
1465,13811.0,2011-06-09 09:54:00,183,3,14,5,1037.25,3,2
1466,13812.0,2011-10-28 14:27:00,42,4,36,4,539.0,2,2
1470,13816.0,2011-11-16 08:38:00,23,4,33,4,588.3000000000001,2,2
1471,13817.0,2011-11-10 17:49:00,29,4,24,4,382.98,2,2
1474,13820.0,2010-10-17 13:46:00,418,1,93,2,680.9,3,2
1487,13833.0,2011-07-03 13:27:00,159,3,45,3,701.36,3,2
1490,13836.0,2010-11-05 13:31:00,399,2,33,4,638.22,3,2
1494,13840.0,2010-10-19 13:34:00,416,1,40,3,651.4,3,2
1498,13844.0,2011-11-28 13:21:00,11,5,20,4,361.62,2,2
1502,13848.0,2011-09-08 12:58:00,92,3,11,5,3335.0,5,2
1509,13855.0,2010-07-27 09:53:00,500,1,77,3,1366.74,4,2
1510,13856.0,2011-06-24 10:03:00,168,3,62,3,1225.18,3,2
1511,13857.0,2010-11-11 12:54:00,393,2,129,2,1004.91,3,2
1517,13863.0,2011-04-08 17:03:00,245,2,74,3,1261.47,3,2
1519,13865.0,2011-10-12 13:31:00,58,4,30,4,501.56,2,2
1526,13872.0,2010-07-14 15:39:00,513,1,61,3,947.82,3,2
1527,13873.0,2011-08-12 10:08:00,119,3,61,3,1046.82,3,2
1528,13874.0,2010-12-16 18:20:00,358,2,73,3,2109.1,4,2
1531,13877.0,2011-09-14 15:49:00,86,3,25,4,453.03,2,2
1539,13885.0,2011-06-03 15:07:00,189,3,28,4,506.8,2,2
1545,13891.0,2010-11-26 15:57:00,378,2,100,2,863.5600000000001,3,2
1547,13893.0,2011-02-15 11:30:00,297,2,21,4,821.1,3,2
1548,13894.0,2011-11-17 13:35:00,22,4,30,4,593.27,2,2
1552,13898.0,2011-01-18 10:28:00,325,2,46,3,686.4,3,2
1553,13899.0,2011-11-23 13:40:00,16,5,19,4,388.52,2,2
1558,13904.0,2011-11-02 13:41:00,37,4,26,4,332.64,2,2
1570,13916.0,2010-09-02 10:04:00,463,1,75,3,1291.11,4,2
1572,13918.0,2011-10-21 12:25:00,49,4,30,4,1212.8400000000001,3,2
1575,13921.0,2010-11-05 15:04:00,399,2,45,3,740.65,3,2
1576,13922.0,2010-12-23 10:38:00,351,2,33,4,905.7,3,2
1577,13923.0,2011-10-17 12:33:00,53,4,20,4,351.13,2,2
1581,13927.0,2011-09-26 12:00:00,74,3,44,3,726.5600000000001,3,2
1582,13928.0,2011-11-29 10:33:00,10,5,27,4,464.57,2,2
1584,13930.0,2011-10-13 09:45:00,57,4,17,4,337.34,2,2
1587,13933.0,2011-08-22 14:03:00,109,3,23,4,608.7900000000001,2,2
1588,13934.0,2011-03-21 08:39:00,263,2,31,4,922.1,3,2
1590,13936.0,2011-06-21 17:44:00,171,3,60,3,954.9599999999999,3,2
1591,13937.0,2011-06-23 16:35:00,169,3,55,3,892.88,3,2
1599,13945.0,2010-11-10 10:00:00,394,2,51,3,854.15,3,2
1605,13951.0,2011-06-16 16:43:00,176,3,39,3,674.45,3,2
1608,13954.0,2011-12-08 12:50:00,1,5,30,4,501.25,2,2
1609,13955.0,2011-07-08 17:19:00,154,3,87,2,545.17,2,2
1616,13962.0,2011-11-18 08:47:00,21,4,23,4,362.8,2,2
1619,13965.0,2010-09-10 16:46:00,455,1,28,4,1215.56,3,2
1630,13976.0,2011-05-17 09:13:00,206,2,56,3,1192.36,3,2
1634,13980.0,2011-10-10 13:34:00,60,3,69,3,846.72,3,2
1640,13986.0,2011-11-22 15:00:00,17,5,13,5,320.46,2,2
1641,13987.0,2010-11-25 10:20:00,379,2,46,3,682.54,3,2
1650,13996.0,2010-11-18 16:27:00,386,2,33,4,895.76,3,2
1651,13997.0,2010-07-08 18:06:00,519,1,46,3,382.31,2,2
1654,14000.0,2011-05-17 13:44:00,206,2,52,3,2215.09,4,2
1656,14002.0,2011-07-28 15:55:00,134,3,47,3,529.73,2,2
1663,14009.0,2011-05-25 15:47:00,198,2,76,3,1109.59,3,2
1667,14013.0,2011-08-21 15:01:00,110,3,72,3,1162.92,3,2
1669,14015.0,2011-10-18 10:02:00,52,4,20,4,917.34,3,2
1676,14022.0,2011-04-28 14:39:00,225,2,47,3,792.15,3,2
1677,14023.0,2011-12-02 13:58:00,7,5,31,4,584.07,2,2
1678,14024.0,2011-08-10 11:30:00,121,3,34,4,645.74,3,2
1680,14026.0,2010-08-26 10:31:00,470,1,50,3,713.11,3,2
1682,14028.0,2010-07-29 12:24:00,498,1,13,5,17617.5,5,2
1690,14036.0,2011-02-28 09:26:00,284,2,38,4,626.65,3,2
1697,14043.0,2010-08-05 18:18:00,491,1,43,3,307.2,2,2
1702,14048.0,2011-03-07 13:49:00,277,2,144,2,783.49,3,2
1709,14055.0,2011-08-25 15:04:00,106,3,33,4,1520.96,4,2
1715,14061.0,2010-07-20 17:22:00,507,1,19,4,917.4300000000001,3,2
1719,14065.0,2010-11-15 16:13:00,389,2,50,3,892.67,3,2
1721,14067.0,2011-10-07 10:21:00,63,3,52,3,374.7,2,2
1724,14070.0,2010-01-24 12:27:00,684,1,42,3,326.55,2,2
1730,14076.0,2011-08-02 15:19:00,129,3,46,3,122.47,1,2
1731,14077.0,2011-10-30 12:35:00,40,4,56,3,615.0799999999999,2,2
1736,14082.0,2010-12-10 11:02:00,364,2,65,3,413.36,2,2
1745,14091.0,2010-02-23 15:17:00,654,1,13,5,9530.08,5,2
1748,14094.0,2010-09-26 12:02:00,439,1,48,3,336.17,2,2
1751,14097.0,2010-08-15 14:20:00,481,1,40,3,422.85999999999996,2,2
1765,14111.0,2011-11-25 13:44:00,14,5,11,5,697.1,3,2
1768,14114.0,2011-03-11 09:42:00,273,2,74,3,1364.09,4,2
1782,14128.0,2011-10-10 12:00:00,60,3,66,3,939.06,3,2
1787,14133.0,2011-08-02 11:34:00,129,3,38,4,926.4399999999999,3,2
1796,14142.0,2010-12-01 16:33:00,373,2,70,3,998.5500000000001,3,2
1803,14149.0,2011-05-11 12:34:00,212,2,40,3,633.81,3,2
1804,14150.0,2011-11-04 10:05:00,35,4,26,4,658.64,3,2
1805,14151.0,2010-02-04 15:35:00,673,1,45,3,692.2,3,2
1812,14158.0,2011-10-30 15:08:00,40,4,41,3,507.66,2,2
1816,14162.0,2011-06-19 11:36:00,173,3,25,4,289.36,2,2
1818,14164.0,2011-09-30 12:24:00,70,3,29,4,1631.77,4,2
1823,14169.0,2010-10-05 08:45:00,430,1,67,3,624.4300000000001,3,2
1824,14170.0,2010-11-29 13:10:00,375,2,165,2,597.33,2,2
1825,14171.0,2011-09-02 16:43:00,98,3,64,3,498.79,2,2
1826,14172.0,2010-04-13 13:26:00,605,1,55,3,415.47,2,2
1827,14173.0,2011-11-29 11:54:00,10,5,34,4,605.05,2,2
1830,14176.0,2011-02-15 13:12:00,297,2,47,3,918.9100000000001,3,2
1835,14181.0,2010-10-25 08:27:00,410,2,54,3,310.55,2,2
1836,14182.0,2010-09-22 11:45:00,443,1,52,3,697.47,3,2
1838,14184.0,2011-10-04 12:43:00,66,3,24,4,452.89,2,2
1847,14193.0,2011-10-03 09:34:00,67,3,64,3,1210.19,3,2
1849,14195.0,2011-05-22 10:29:00,201,2,22,4,2849.96,4,2
1853,14199.0,2011-05-05 13:44:00,218,2,20,4,1266.8999999999999,4,2
1855,14201.0,2011-10-10 13:27:00,60,3,57,3,1252.94,3,2
1856,14202.0,2010-11-23 17:13:00,381,2,29,4,847.76,3,2
1860,14206.0,2011-04-14 16:38:00,239,2,73,3,1224.81,3,2
1862,14208.0,2011-09-06 12:48:00,94,3,35,4,567.05,2,2
1866,14212.0,2011-09-11 12:45:00,89,3,21,4,2190.14,4,2
1867,14213.0,2010-12-03 09:47:00,371,2,15,5,3576.6000000000004,5,2
1874,14220.0,2011-04-06 13:23:00,247,2,38,4,1515.0,4,2
1876,14222.0,2011-06-15 16:42:00,177,3,41,3,683.17,3,2
1877,14223.0,2011-09-08 13:38:00,92,3,61,3,1007.03,3,2
1882,14228.0,2010-09-28 09:45:00,437,1,38,4,745.5,3,2
1884,14230.0,2010-09-30 09:07:00,435,1,33,4,979.8000000000001,3,2
1891,14237.0,2010-12-01 13:20:00,373,2,36,4,637.24,3,2
1901,14247.0,2011-03-06 15:21:00,278,2,118,2,775.61,3,2
1902,14248.0,2011-01-25 14:45:00,318,2,47,3,1032.95,3,2
1909,14255.0,2010-06-11 15:57:00,546,1,4,5,3442.86,5,2
1914,14260.0,2010-08-25 14:55:00,471,1,51,3,824.28,3,2
1926,14272.0,2011-09-27 10:08:00,73,3,64,3,920.81,3,2
1927,14273.0,2011-10-19 13:20:00,51,4,29,4,559.97,2,2
1929,14275.0,2010-11-09 09:06:00,395,2,23,4,1189.3799999999999,3,2
1937,14283.0,2010-09-02 14:46:00,463,1,41,3,628.4399999999999,3,2
1956,14302.0,2010-10-05 08:10:00,430,1,28,4,742.9000000000001,3,2
1962,14308.0,2010-06-08 16:52:00,549,1,5,5,3143.49,5,2
1970,14316.0,2010-10-13 16:31:00,422,1,32,4,1385.34,4,2
1971,14317.0,2011-10-06 10:44:00,64,3,24,4,508.58000000000004,2,2
1977,14323.0,2011-08-17 11:37:00,114,3,41,3,635.86,3,2
1978,14324.0,2010-10-26 11:44:00,409,2,41,3,701.61,3,2
1980,14326.0,2011-04-19 11:08:00,234,2,58,3,957.98,3,2
1982,14328.0,2010-10-05 10:47:00,430,1,3,5,1335.16,4,2
1985,14331.0,2011-08-07 13:17:00,124,3,28,4,462.65999999999997,2,2
1987,14333.0,2011-10-06 19:25:00,64,3,19,4,478.95,2,2
1991,14337.0,2009-12-08 14:04:00,731,1,36,4,658.63,3,2
1992,14338.0,2011-07-04 16:00:00,158,3,53,3,962.1,3,2
1993,14339.0,2011-04-19 11:31:00,234,2,27,4,639.88,3,2
1996,14342.0,2011-11-18 13:21:00,21,4,37,4,994.14,3,2
2003,14349.0,2011-11-29 15:39:00,10,5,31,4,133.5,1,2
2004,14350.0,2011-03-14 12:27:00,270,2,62,3,996.26,3,2
2006,14352.0,2011-07-05 15:41:00,157,3,47,3,1078.96,3,2
2009,14355.0,2010-12-09 12:16:00,365,2,71,3,1014.45,3,2
2010,14356.0,2011-10-10 17:16:00,60,3,38,4,735.52,3,2
2011,14357.0,2011-10-27 16:23:00,43,4,41,3,225.77,1,2
2016,14362.0,2011-11-17 15:08:00,22,4,41,3,161.2,1,2
2019,14365.0,2010-11-10 09:52:00,394,2,51,3,634.68,3,2
2024,14370.0,2010-09-15 10:53:00,450,1,49,3,1259.43,3,2
2026,14372.0,2010-09-22 16:17:00,443,1,39,3,889.98,3,2
2052,14398.0,2010-11-03 13:46:00,401,2,53,3,707.79,3,2
2057,14403.0,2011-08-01 12:57:00,130,3,33,4,1938.26,4,2
2067,14413.0,2010-12-12 13:37:00,362,2,99,2,770.37,3,2
2070,14416.0,2011-11-17 15:22:00,22,4,14,5,490.22,2,2
2071,14417.0,2010-11-17 10:55:00,387,2,137,2,604.2,2,2
2078,14424.0,2011-11-22 11:48:00,17,5,1,5,322.08,2,2
2079,14425.0,2010-10-08 14:24:00,427,1,41,3,686.89,3,2
2084,14430.0,2010-07-16 11:35:00,511,1,40,3,1485.4,4,2
2087,14433.0,2010-08-31 12:35:00,465,1,77,3,289.6,2,2
2088,14434.0,2011-11-18 08:56:00,21,4,12,5,1372.8,4,2
2091,14437.0,2011-07-19 14:56:00,143,3,50,3,1087.74,3,2
2102,14448.0,2011-11-30 13:50:00,9,5,20,4,375.35,2,2
2104,14450.0,2011-06-12 10:46:00,180,3,76,3,1128.44,3,2
2108,14454.0,2010-11-28 13:26:00,376,2,111,2,983.9,3,2
2109,14455.0,2010-10-03 15:48:00,432,1,82,2,661.56,3,2
2117,14463.0,2011-09-02 15:20:00,98,3,8,5,786.5699999999999,3,2
2125,14471.0,2010-04-27 17:12:00,591,1,41,3,400.95,2,2
2132,14478.0,2010-11-22 15:29:00,382,2,68,3,1276.66,4,2
2139,14485.0,2011-11-01 12:25:00,38,4,47,3,165.75,1,2
2145,14491.0,2011-06-17 15:22:00,175,3,21,4,468.13,2,2
2148,14494.0,2011-11-14 09:21:00,25,4,17,4,401.46,2,2
2151,14497.0,2011-02-11 15:20:00,301,2,42,3,714.96,3,2
2164,14510.0,2010-11-29 12:46:00,375,2,79,2,1022.5799999999999,3,2
2167,14513.0,2011-08-31 11:25:00,100,3,25,4,805.11,3,2
2171,14517.0,2011-11-06 14:20:00,33,4,18,4,330.45,2,2
2182,14528.0,2011-11-02 17:09:00,37,4,18,4,364.21999999999997,2,2
2191,14537.0,2011-10-13 10:54:00,57,4,24,4,647.35,3,2
2193,14539.0,2011-11-24 09:50:00,15,5,32,4,537.48,2,2
2203,14549.0,2011-02-01 13:47:00,311,2,144,2,916.5500000000001,3,2
2206,14552.0,2011-07-11 12:49:00,151,3,157,2,511.28000000000003,2,2
2211,14557.0,2011-10-06 20:36:00,64,3,32,4,1576.76,4,2
2212,14558.0,2010-02-24 17:01:00,653,1,17,4,696.9,3,2
2215,14561.0,2011-09-25 12:39:00,75,3,69,3,1080.76,3,2
2217,14563.0,2010-07-18 12:01:00,509,1,115,2,679.44,3,2
2220,14566.0,2011-08-21 11:05:00,110,3,16,5,4092.0,5,2
2222,14568.0,2010-10-11 17:03:00,424,1,48,3,929.9,3,2
2223,14569.0,2011-12-08 14:58:00,1,5,35,4,598.98,2,2
2224,14570.0,2011-03-04 10:58:00,280,2,68,3,613.75,2,2
2229,14575.0,2010-08-08 14:51:00,488,1,74,3,460.71,2,2
2232,14578.0,2011-12-06 17:18:00,3,5,24,4,168.63,1,2
2253,14599.0,2010-11-14 14:49:00,390,2,82,2,474.54,2,2
2254,14600.0,2011-02-07 09:48:00,305,2,54,3,865.1700000000001,3,2
2259,14605.0,2010-11-30 14:07:00,374,2,111,2,937.16,3,2
2263,14609.0,2011-09-28 12:54:00,72,3,14,5,1606.2,4,2
2265,14611.0,2010-09-26 16:07:00,439,1,39,3,609.28,2,2
2269,14615.0,2010-11-10 13:36:00,394,2,51,3,969.26,3,2
2273,14619.0,2011-04-14 17:13:00,239,2,62,3,1306.17,4,2
2276,14622.0,2011-06-08 12:42:00,184,3,21,4,320.58000000000004,2,2
2281,14627.0,2011-02-01 10:49:00,311,2,39,3,519.1,2,2
2290,14636.0,2011-11-03 16:12:00,36,4,28,4,609.85,2,2
2292,14638.0,2011-10-20 10:10:00,50,4,16,5,443.6,2,2
2299,14645.0,2011-07-06 09:15:00,156,3,54,3,913.54,3,2
2301,14647.0,2011-05-22 13:40:00,201,2,51,3,519.97,2,2
2312,14658.0,2011-12-04 15:35:00,5,5,29,4,247.15,1,2
2317,14663.0,2010-10-05 13:21:00,430,1,68,3,490.6,2,2
2325,14671.0,2010-06-08 13:39:00,549,1,55,3,1127.45,3,2
2326,14672.0,2011-04-19 10:19:00,234,2,106,2,1113.14,3,2
2333,14679.0,2010-12-03 10:07:00,371,2,68,3,1308.48,4,2
2335,14681.0,2011-09-29 15:52:00,71,3,20,4,875.1500000000001,3,2
2347,14693.0,2011-03-20 12:50:00,264,2,76,3,1190.86,3,2
2353,14699.0,2011-05-09 14:54:00,214,2,50,3,702.6,3,2
2357,14703.0,2011-11-25 09:23:00,14,5,22,4,318.17,2,2
2376,14722.0,2011-07-15 14:58:00,147,3,94,2,513.37,2,2
2378,14724.0,2010-04-28 13:26:00,590,1,43,3,345.25,2,2
2381,14727.0,2011-03-10 14:45:00,274,2,73,3,644.73,3,2
2385,14731.0,2011-10-23 15:54:00,47,4,45,3,380.02,2,2
2388,14734.0,2010-10-19 13:09:00,416,1,64,3,1067.3700000000001,3,2
2390,14736.0,2010-08-11 15:21:00,485,1,100,2,401.08,2,2
2406,14752.0,2011-10-27 11:55:00,43,4,5,5,389.64,2,2
2407,14753.0,2011-09-13 14:50:00,87,3,48,3,869.51,3,2
2411,14757.0,2011-09-25 14:36:00,75,3,19,4,420.5,2,2
2415,14761.0,2011-10-12 12:10:00,58,4,24,4,447.92,2,2
2418,14764.0,2011-10-27 10:46:00,43,4,7,5,306.05,2,2
2419,14765.0,2011-11-10 19:53:00,29,4,39,3,254.11,1,2
2425,14771.0,2010-04-13 10:34:00,605,1,50,3,609.3199999999999,2,2
2431,14777.0,2011-12-05 13:20:00,4,5,21,4,375.86,2,2
2432,14778.0,2011-08-04 15:23:00,127,3,35,4,730.86,3,2
2433,14779.0,2011-03-04 12:42:00,280,2,41,3,386.15,2,2
2434,14780.0,2011-10-16 12:46:00,54,4,27,4,447.68,2,2
2438,14784.0,2011-11-13 13:30:00,26,4,27,4,449.93,2,2
2453,14799.0,2011-10-19 16:16:00,51,4,23,4,338.15,2,2
2455,14801.0,2011-10-09 15:24:00,61,3,59,3,193.14,1,2
2456,14802.0,2010-10-05 14:49:00,430,1,6,5,4508.9400000000005,5,2
2457,14803.0,2011-06-30 13:58:00,162,3,44,3,845.55,3,2
2458,14804.0,2011-12-01 11:20:00,8,5,12,5,353.27,2,2
2460,14806.0,2011-09-25 15:32:00,75,3,20,4,303.43,2,2
2461,14807.0,2010-11-14 12:47:00,390,2,40,3,519.29,2,2
2463,14809.0,2010-03-28 15:44:00,621,1,18,4,686.76,3,2
2467,14813.0,2010-12-05 11:57:00,369,2,177,2,1090.87,3,2
2473,14819.0,2011-10-06 13:41:00,64,3,57,3,470.16,2,2
2475,14821.0,2010-12-08 08:43:00,366,2,72,3,1286.45,4,2
2477,14823.0,2011-06-12 13:12:00,180,3,70,3,321.43,2,2
2484,14830.0,2011-10-17 14:29:00,53,4,40,3,197.13,1,2
2492,14838.0,2010-10-12 15:46:00,423,1,71,3,773.6700000000001,3,2
2493,14839.0,2010-10-17 13:01:00,418,1,74,3,915.28,3,2
2524,14870.0,2011-03-23 10:51:00,261,2,69,3,1883.3,4,2
2526,14872.0,2010-08-16 10:44:00,480,1,44,3,830.52,3,2
2527,14873.0,2011-05-13 13:52:00,210,2,49,3,854.13,3,2
2531,14877.0,2010-10-17 13:09:00,418,1,66,3,437.0,2,2
2534,14880.0,2011-09-23 13:42:00,77,3,47,3,706.19,3,2
2539,14885.0,2011-07-31 12:05:00,131,3,32,4,1700.12,4,2
2541,14887.0,2011-09-21 15:32:00,79,3,6,5,1862.0,4,2
2544,14890.0,2011-03-31 11:57:00,253,2,57,3,817.25,3,2
2545,14891.0,2011-07-14 18:08:00,148,3,63,3,1106.73,3,2
2564,14910.0,2011-12-07 10:06:00,2,5,35,4,478.84,2,2
2571,14917.0,2010-04-22 11:28:00,596,1,29,4,1123.75,3,2
2576,14922.0,2010-11-11 11:14:00,393,2,50,3,843.74,3,2
2578,14924.0,2011-04-08 09:25:00,245,2,31,4,931.01,3,2
2583,14929.0,2011-11-07 17:21:00,32,4,34,4,836.69,3,2
2586,14932.0,2010-12-09 11:48:00,365,2,49,3,1029.66,3,2
2587,14933.0,2010-09-22 10:47:00,443,1,5,5,2655.0,4,2
2589,14935.0,2011-02-15 14:44:00,297,2,26,4,2849.83,4,2
2592,14938.0,2010-07-25 16:00:00,502,1,76,3,2355.43,4,2
2596,14942.0,2010-11-03 10:51:00,401,2,20,4,786.56,3,2
2601,14947.0,2011-09-28 15:48:00,72,3,54,3,1049.79,3,2
2604,14950.0,2011-12-01 09:42:00,8,5,20,4,381.15000000000003,2,2
2605,14951.0,2011-09-21 15:15:00,79,3,20,4,311.69,2,2
2610,14956.0,2010-10-14 16:40:00,421,1,4,5,1325.0,4,2
2612,14958.0,2011-07-15 14:20:00,147,3,72,3,957.9399999999999,3,2
2613,14959.0,2011-10-11 16:28:00,59,3,61,3,705.87,3,2
2614,14960.0,2011-12-01 12:54:00,8,5,27,4,221.27,1,2
2619,14965.0,2011-09-04 13:20:00,96,3,83,2,599.0,2,2
2627,14973.0,2011-08-24 15:51:00,107,3,32,4,1314.45,4,2
2629,14975.0,2011-10-13 14:08:00,57,4,26,4,472.39,2,2
2633,14979.0,2009-12-04 12:54:00,735,1,53,3,439.46,2,2
2639,14985.0,2011-05-25 14:29:00,198,2,87,2,296.75,2,2
2640,14986.0,2010-11-28 15:25:00,376,2,100,2,566.9,2,2
2644,14990.0,2010-04-06 13:54:00,612,1,43,3,305.42,2,2
2649,14995.0,2011-11-01 11:39:00,38,4,61,3,233.23000000000002,1,2
2650,14996.0,2010-08-15 13:44:00,481,1,41,3,442.28999999999996,2,2
2654,15000.0,2011-10-23 11:42:00,47,4,77,3,490.52,2,2
2664,15010.0,2011-11-04 12:42:00,35,4,20,4,308.94,2,2
2672,15018.0,2011-11-01 12:47:00,38,4,37,4,647.41,3,2
2684,15030.0,2011-09-29 10:50:00,71,3,35,4,1995.16,4,2
2690,15036.0,2011-09-28 15:42:00,72,3,127,2,465.55,2,2
2691,15037.0,2010-11-28 13:05:00,376,2,48,3,402.51,2,2
2695,15041.0,2011-06-22 16:16:00,170,3,107,2,294.02,2,2
2699,15045.0,2011-07-11 11:33:00,151,3,13,5,837.66,3,2
2702,15048.0,2011-10-05 14:55:00,65,3,121,2,486.23,2,2
2709,15055.0,2010-08-22 11:06:00,474,1,85,2,560.07,2,2
2718,15064.0,2010-10-25 14:32:00,410,2,81,2,1254.41,3,2
2723,15069.0,2011-06-13 14:16:00,179,3,70,3,1109.53,3,2
2724,15070.0,2010-12-02 11:23:00,372,2,34,4,843.25,3,2
2729,15075.0,2011-09-23 12:27:00,77,3,27,4,773.03,3,2
2731,15077.0,2010-09-09 18:20:00,456,1,34,4,2432.28,4,2
2738,15084.0,2010-11-25 11:58:00,379,2,31,4,965.2,3,2
2746,15092.0,2011-05-08 14:10:00,215,2,46,3,779.76,3,2
2752,15098.0,2011-06-10 15:39:00,182,3,5,5,79183.5,5,2
2753,15099.0,2011-09-16 13:13:00,84,3,23,4,410.48,2,2
2754,15100.0,2011-01-13 17:09:00,330,2,26,4,3469.8999999999996,5,2
2757,15103.0,2011-11-08 14:53:00,31,4,35,4,703.36,3,2
2758,15104.0,2011-06-26 11:35:00,166,3,71,3,1052.34,3,2
2761,15107.0,2011-02-01 14:46:00,311,2,53,3,1024.44,3,2
2763,15109.0,2011-04-13 09:53:00,240,2,51,3,1004.3000000000001,3,2
2769,15115.0,2011-11-21 14:59:00,18,5,36,4,535.6,2,2
2774,15120.0,2011-08-02 10:05:00,129,3,22,4,373.82,2,2
2775,15121.0,2011-10-20 14:51:00,50,4,28,4,457.72,2,2
2778,15124.0,2011-11-17 10:09:00,22,4,31,4,450.82,2,2
2781,15127.0,2011-10-05 10:30:00,65,3,28,4,711.5,3,2
2784,15130.0,2011-06-23 10:15:00,169,3,22,4,330.11,2,2
2791,15137.0,2010-07-07 09:41:00,520,1,40,3,899.25,3,2
2801,15147.0,2011-05-05 11:20:00,218,2,29,4,638.35,3,2
2802,15148.0,2011-11-29 08:21:00,10,5,20,4,301.29,2,2
2805,15151.0,2010-10-12 16:37:00,423,1,57,3,2085.61,4,2
2807,15153.0,2011-11-08 17:09:00,31,4,22,4,329.25,2,2
2812,15158.0,2011-10-25 13:53:00,45,4,13,5,774.38,3,2
2817,15163.0,2011-11-21 13:10:00,18,5,29,4,304.47,2,2
2819,15165.0,2010-12-01 14:03:00,373,2,54,3,975.5,3,2
2823,15169.0,2010-11-22 13:04:00,382,2,59,3,569.22,2,2
2825,15171.0,2011-01-19 12:39:00,324,2,7,5,1544.5,4,2
2830,15176.0,2010-04-22 11:40:00,596,1,53,3,990.99,3,2
2831,15177.0,2010-10-10 12:48:00,425,1,26,4,948.93,3,2
2834,15180.0,2010-12-07 14:57:00,367,2,58,3,904.4300000000001,3,2
2835,15181.0,2011-10-04 13:58:00,66,3,24,4,1451.95,4,2
2837,15183.0,2010-06-10 10:43:00,547,1,39,3,642.83,3,2
2839,15185.0,2011-09-30 14:06:00,70,3,21,4,310.62,2,2
2844,15190.0,2010-10-01 13:09:00,434,1,40,3,834.4399999999999,3,2
2847,15193.0,2011-10-10 08:23:00,60,3,19,4,499.32,2,2
2850,15196.0,2010-10-03 10:50:00,432,1,43,3,316.25,2,2
2852,15198.0,2011-09-08 14:42:00,92,3,32,4,583.25,2,2
2856,15202.0,2010-10-15 13:09:00,420,1,8,5,14573.16,5,2
2859,15205.0,2011-09-15 19:36:00,85,3,38,4,657.65,3,2
2860,15206.0,2011-11-29 13:41:00,10,5,9,5,420.29999999999995,2,2
2861,15207.0,2010-10-26 11:11:00,409,2,27,4,714.07,3,2
2864,15210.0,2011-04-28 16:11:00,225,2,67,3,1176.19,3,2
2870,15216.0,2011-09-13 11:41:00,87,3,24,4,486.09,2,2
2873,15219.0,2011-06-16 16:57:00,176,3,26,4,685.45,3,2
2877,15223.0,2011-04-28 11:31:00,225,2,46,3,1718.8,4,2
2878,15224.0,2010-12-16 15:02:00,358,2,40,3,905.46,3,2
2886,15232.0,2011-08-18 16:27:00,113,3,31,4,612.06,2,2
2897,15243.0,2011-09-26 14:12:00,74,3,61,3,927.2800000000001,3,2
2898,15244.0,2011-10-05 13:19:00,65,3,50,3,973.98,3,2
2900,15246.0,2011-04-15 14:45:00,238,2,51,3,780.4,3,2
2901,15247.0,2011-08-09 12:52:00,122,3,18,4,985.01,3,2
2908,15254.0,2011-08-04 15:04:00,127,3,68,3,1103.3,3,2
2912,15258.0,2011-06-24 12:30:00,168,3,34,4,623.16,3,2
2913,15259.0,2010-07-15 08:47:00,512,1,57,3,1182.3799999999999,3,2
2918,15264.0,2011-10-06 13:49:00,64,3,57,3,852.6,3,2
2920,15266.0,2011-01-05 13:40:00,338,2,46,3,862.72,3,2
2921,15267.0,2011-11-17 15:59:00,22,4,11,5,1717.36,4,2
2922,15268.0,2010-08-18 10:33:00,478,1,27,4,982.5500000000001,3,2
2923,15269.0,2011-11-16 09:32:00,23,4,35,4,1225.3600000000001,3,2
2929,15275.0,2011-11-08 17:54:00,31,4,42,3,621.09,2,2
2931,15277.0,2011-10-24 10:08:00,46,4,26,4,476.34,2,2
2934,15280.0,2011-06-20 17:14:00,172,3,61,3,406.21999999999997,2,2
2941,15287.0,2011-11-17 15:34:00,22,4,37,4,857.48,3,2
2954,15300.0,2011-10-06 17:08:00,64,3,28,4,496.44,2,2
2957,15303.0,2011-02-22 13:59:00,290,2,71,3,1269.58,4,2
2958,15304.0,2011-10-10 10:23:00,60,3,32,4,933.6500000000001,3,2
2963,15309.0,2010-04-08 11:11:00,610,1,61,3,880.39,3,2
2964,15310.0,2010-08-18 11:38:00,478,1,45,3,1634.64,4,2
2968,15314.0,2011-05-24 14:39:00,199,2,51,3,840.25,3,2
2969,15315.0,2011-10-06 12:51:00,64,3,38,4,589.46,2,2
2972,15318.0,2011-12-06 11:30:00,3,5,33,4,312.62,2,2
2984,15330.0,2011-11-07 17:50:00,32,4,13,5,714.96,3,2
2985,15331.0,2010-07-28 09:42:00,499,1,46,3,780.41,3,2
2988,15334.0,2011-07-06 11:22:00,156,3,99,2,351.67,2,2
2995,15341.0,2011-09-20 09:40:00,80,3,25,4,2404.42,4,2
2996,15342.0,2011-08-15 16:20:00,116,3,26,4,420.41999999999996,2,2
2997,15343.0,2011-09-13 13:55:00,87,3,21,4,364.5,2,2
2999,15345.0,2011-11-04 13:24:00,35,4,23,4,419.39,2,2
3001,15347.0,2010-12-08 15:25:00,366,2,43,3,1393.3,4,2
3003,15349.0,2011-07-04 16:06:00,158,3,72,3,473.81,2,2
3004,15350.0,2010-12-01 13:33:00,373,2,35,4,663.25,3,2
3014,15360.0,2011-10-31 09:35:00,39,4,13,5,427.93,2,2
3016,15362.0,2010-09-17 10:37:00,448,1,40,3,613.08,2,2
3017,15363.0,2011-04-12 15:48:00,241,2,52,3,1012.06,3,2
3018,15364.0,2011-09-05 09:46:00,95,3,29,4,913.19,3,2
3022,15368.0,2011-11-18 14:42:00,21,4,8,5,722.74,3,2
3031,15377.0,2010-11-22 08:55:00,382,2,22,4,1243.5500000000002,3,2
3035,15381.0,2011-05-10 11:55:00,213,2,25,4,1893.52,4,2
3039,15385.0,2011-10-30 15:11:00,40,4,21,4,942.08,3,2
3040,15386.0,2011-06-06 13:47:00,186,3,31,4,394.14,2,2
3043,15389.0,2011-06-20 16:18:00,172,3,6,5,2733.8,4,2
3044,15390.0,2010-11-08 15:19:00,396,2,77,3,1216.66,3,2
3050,15396.0,2011-08-19 10:56:00,112,3,16,5,796.38,3,2
3054,15400.0,2011-09-08 13:57:00,92,3,28,4,1351.8,4,2
3059,15405.0,2011-06-03 14:44:00,189,3,30,4,659.84,3,2
3067,15413.0,2010-10-05 15:15:00,430,1,27,4,16128.82,5,2
3069,15415.0,2011-01-30 14:13:00,313,2,48,3,572.8100000000001,2,2
3071,15417.0,2011-09-15 15:26:00,85,3,28,4,508.8,2,2
3072,15418.0,2010-10-10 13:38:00,425,1,69,3,452.32,2,2
3074,15420.0,2010-10-01 15:46:00,434,1,56,3,743.0,3,2
3077,15423.0,2011-11-01 14:01:00,38,4,17,4,314.64,2,2
3084,15430.0,2010-08-29 10:42:00,467,1,41,3,1005.75,3,2
3086,15432.0,2011-11-16 16:30:00,23,4,18,4,340.26,2,2
3087,15433.0,2011-09-21 16:24:00,79,3,53,3,648.73,3,2
3091,15437.0,2011-03-22 13:11:00,262,2,57,3,393.45,2,2
3093,15439.0,2010-10-31 10:38:00,404,2,57,3,1269.05,4,2
3094,15440.0,2011-10-16 12:16:00,54,4,62,3,383.68,2,2
3095,15441.0,2010-11-08 15:50:00,396,2,57,3,1254.21,3,2
3100,15446.0,2010-11-28 11:59:00,376,2,116,2,415.05,2,2
3102,15448.0,2011-01-31 10:42:00,312,2,49,3,788.81,3,2
3104,15450.0,2011-11-09 17:11:00,30,4,30,4,429.84,2,2
3108,15454.0,2010-12-12 14:21:00,362,2,41,3,307.69,2,2
3112,15458.0,2011-11-14 13:08:00,25,4,13,5,370.43999999999994,2,2
3116,15462.0,2011-09-06 13:11:00,94,3,41,3,737.05,3,2
3118,15464.0,2011-01-05 15:56:00,338,2,157,2,1048.85,3,2
3126,15472.0,2011-08-18 15:17:00,113,3,76,3,371.56,2,2
3129,15475.0,2011-09-23 15:20:00,77,3,29,4,454.10999999999996,2,2
3135,15481.0,2010-11-03 14:52:00,401,2,38,4,1993.34,4,2
3146,15492.0,2011-11-11 14:53:00,28,4,35,4,659.4599999999999,3,2
3155,15501.0,2010-10-31 11:15:00,404,2,70,3,402.5,2,2
3157,15503.0,2010-12-12 10:57:00,362,2,123,2,267.15,1,2
3158,15504.0,2011-09-19 13:45:00,81,3,70,3,433.8,2,2
3161,15507.0,2011-06-21 11:19:00,171,3,46,3,492.36,2,2
3166,15512.0,2011-07-07 10:20:00,155,3,32,4,331.58,2,2
3174,15520.0,2011-12-08 10:58:00,1,5,18,4,343.5,2,2
3176,15522.0,2011-11-07 11:26:00,32,4,57,3,398.84,2,2
3178,15524.0,2011-11-15 12:09:00,24,4,9,5,591.4,2,2
3192,15538.0,2010-06-20 10:49:00,537,1,33,4,3689.65,5,2
3194,15540.0,2011-11-28 13:51:00,11,5,31,4,460.68,2,2
3200,15546.0,2010-04-12 11:55:00,606,1,18,4,1618.65,4,2
3207,15553.0,2011-10-10 14:02:00,60,3,56,3,437.23,2,2
3211,15557.0,2011-11-11 12:46:00,28,4,20,4,473.65000000000003,2,2
3213,15559.0,2010-05-20 14:06:00,568,1,62,3,1109.4,3,2
3216,15562.0,2010-12-23 09:55:00,351,2,34,4,673.3800000000001,3,2
3231,15577.0,2011-07-11 17:03:00,151,3,60,3,397.98,2,2
3239,15585.0,2011-06-16 08:38:00,176,3,31,4,455.3,2,2
3240,15586.0,2010-04-27 17:07:00,591,1,39,3,1149.54,3,2
3241,15587.0,2011-10-20 13:37:00,50,4,14,5,1522.0800000000002,4,2
3246,15592.0,2011-10-24 08:59:00,46,4,24,4,388.58,2,2
3251,15597.0,2011-11-10 11:46:00,29,4,38,4,572.22,2,2
3252,15598.0,2011-11-04 13:14:00,35,4,38,4,553.02,2,2
3254,15600.0,2010-10-07 14:30:00,428,1,74,3,1219.91,3,2
3263,15609.0,2011-06-10 09:55:00,182,3,18,4,326.93,2,2
3271,15617.0,2010-11-08 16:07:00,396,2,42,3,828.5500000000001,3,2
3273,15619.0,2011-11-29 08:14:00,10,5,3,5,336.40000000000003,2,2
3278,15624.0,2011-08-15 11:38:00,116,3,34,4,588.13,2,2
3283,15629.0,2010-09-15 13:46:00,450,1,77,3,2240.9,4,2
3285,15631.0,2010-03-07 14:52:00,642,1,39,3,596.67,2,2
3288,15634.0,2011-11-22 16:28:00,17,5,34,4,554.65,2,2
3292,15638.0,2011-02-11 15:12:00,301,2,29,4,2393.2,4,2
3293,15639.0,2011-07-28 14:30:00,134,3,72,3,1101.83,3,2
3297,15643.0,2011-06-13 17:19:00,179,3,36,4,680.6,3,2
3302,15648.0,2011-05-19 15:53:00,204,2,28,4,714.8000000000001,3,2
3303,15649.0,2011-01-07 13:34:00,336,2,12,5,2170.35,4,2
3307,15653.0,2011-09-08 10:49:00,92,3,6,5,877.4399999999999,3,2
3313,15659.0,2011-10-27 09:23:00,43,4,21,4,532.49,2,2
3315,15661.0,2011-01-26 13:56:00,317,2,44,3,1215.95,3,2
3320,15666.0,2010-08-24 16:14:00,472,1,67,3,632.9399999999999,3,2
3321,15667.0,2011-10-31 10:56:00,39,4,13,5,301.32,2,2
3323,15669.0,2011-10-30 16:03:00,40,4,35,4,690.99,3,2
3329,15675.0,2011-09-19 13:48:00,81,3,35,4,542.04,2,2
3337,15683.0,2011-08-14 12:56:00,117,3,26,4,524.54,2,2
3343,15689.0,2011-08-12 09:37:00,119,3,24,4,521.03,2,2
3344,15690.0,2011-12-05 15:59:00,4,5,19,4,239.76,1,2
3349,15695.0,2011-03-18 08:32:00,266,2,59,3,1131.04,3,2
3353,15699.0,2011-11-22 08:26:00,17,5,18,4,309.65,2,2
3360,15706.0,2011-10-11 10:14:00,59,3,59,3,1119.31,3,2
3364,15710.0,2010-10-18 17:05:00,417,1,110,2,898.87,3,2
3367,15713.0,2011-07-19 13:34:00,143,3,63,3,1035.59,3,2
3369,15715.0,2010-06-02 09:56:00,555,1,38,4,658.02,3,2
3377,15723.0,2010-12-10 11:12:00,364,2,129,2,947.65,3,2
3379,15725.0,2011-11-24 14:51:00,15,5,32,4,415.25,2,2
3382,15728.0,2011-10-21 14:03:00,49,4,16,5,679.4000000000001,3,2
3402,15748.0,2011-10-30 12:51:00,40,4,37,4,614.7600000000001,2,2
3403,15749.0,2011-04-18 13:20:00,235,2,15,5,67532.7,5,2
3413,15759.0,2011-05-05 15:13:00,218,2,20,4,850.8800000000001,3,2
3414,15760.0,2010-03-19 11:53:00,630,1,5,5,33628.55,5,2
3416,15762.0,2011-10-05 16:15:00,65,3,37,4,583.75,2,2
3420,15766.0,2011-10-06 17:03:00,64,3,28,4,862.46,3,2
3425,15771.0,2010-04-14 13:56:00,604,1,28,4,1006.54,3,2
3431,15777.0,2011-04-12 16:43:00,241,2,41,3,1793.06,4,2
3434,15780.0,2011-06-09 12:01:00,183,3,29,4,475.28000000000003,2,2
3435,15781.0,2011-11-14 14:57:00,25,4,21,4,357.36,2,2
3438,15784.0,2010-08-29 10:38:00,467,1,43,3,848.3299999999999,3,2
3444,15790.0,2011-11-29 14:53:00,10,5,35,4,220.85,1,2
3446,15792.0,2010-11-05 08:21:00,399,2,57,3,933.84,3,2
3451,15797.0,2011-08-18 17:04:00,113,3,12,5,2821.08,4,2
3456,15802.0,2011-07-20 11:40:00,142,3,3,5,1354.26,4,2
3460,15806.0,2011-10-24 14:35:00,46,4,31,4,784.58,3,2
3467,15813.0,2011-05-16 08:13:00,207,2,40,3,1303.9099999999999,4,2
3475,15821.0,2011-10-26 15:48:00,44,4,62,3,570.96,2,2
3478,15824.0,2010-09-12 13:20:00,453,1,26,4,890.94,3,2
3479,15825.0,2011-06-20 13:27:00,172,3,20,4,532.94,2,2
3482,15828.0,2010-11-29 16:41:00,375,2,74,3,1108.82,3,2
3483,15829.0,2011-09-01 16:45:00,99,3,51,3,636.14,3,2
3484,15830.0,2011-11-10 13:35:00,29,4,41,3,604.3,2,2
3486,15832.0,2011-03-30 15:29:00,254,2,54,3,836.79,3,2
3491,15837.0,2011-10-06 09:01:00,64,3,52,3,777.01,3,2
3494,15840.0,2011-10-12 09:08:00,58,4,28,4,365.46,2,2
3503,15849.0,2010-04-22 12:55:00,596,1,1,5,5876.34,5,2
3511,15857.0,2011-11-21 12:18:00,18,5,24,4,570.48,2,2
3520,15866.0,2011-08-30 14:09:00,101,3,45,3,230.53,1,2
3530,15876.0,2010-10-26 18:58:00,409,2,11,5,1449.1399999999999,4,2
3532,15878.0,2010-05-27 12:17:00,561,1,51,3,330.77,2,2
3540,15886.0,2011-10-10 14:25:00,60,3,62,3,1052.8700000000001,3,2
3541,15887.0,2010-10-29 08:36:00,406,2,37,4,1027.15,3,2
3542,15888.0,2011-09-21 09:44:00,79,3,41,3,456.2,2,2
3545,15891.0,2011-04-27 12:35:00,226,2,62,3,524.52,2,2
3548,15894.0,2011-03-31 13:50:00,253,2,79,2,420.29,2,2
3550,15896.0,2010-03-25 12:23:00,624,1,1,5,1899.67,4,2
3558,15904.0,2011-12-01 14:50:00,8,5,30,4,164.68,1,2
3562,15908.0,2010-08-06 11:56:00,490,1,41,3,764.57,3,2
3569,15915.0,2010-11-03 11:13:00,401,2,146,2,429.21,2,2
3571,15917.0,2011-04-06 10:40:00,247,2,155,2,560.63,2,2
3572,15918.0,2011-06-02 11:42:00,190,3,61,3,582.88,2,2
3574,15920.0,2011-07-08 15:31:00,154,3,108,2,571.64,2,2
3576,15922.0,2010-12-02 13:05:00,372,2,24,4,750.8000000000001,3,2
3584,15930.0,2011-10-03 14:52:00,67,3,21,4,426.63,2,2
3588,15934.0,2010-10-18 10:13:00,417,1,29,4,2190.66,4,2
3589,15935.0,2011-04-14 13:27:00,239,2,34,4,725.68,3,2
3592,15938.0,2011-08-19 12:56:00,112,3,39,3,734.81,3,2
3598,15944.0,2011-03-08 10:33:00,276,2,38,4,2164.24,4,2
3599,15945.0,2010-12-09 13:14:00,365,2,30,4,827.27,3,2
3600,15946.0,2010-07-25 12:18:00,502,1,26,4,2304.18,4,2
3601,15947.0,2011-09-18 10:46:00,82,3,29,4,1708.24,4,2
3603,15949.0,2011-11-23 09:09:00,16,5,19,4,364.72,2,2
3612,15958.0,2011-09-26 13:41:00,74,3,74,3,492.99,2,2
3613,15959.0,2010-01-26 16:38:00,682,1,78,2,579.49,2,2
3615,15961.0,2010-11-25 15:59:00,379,2,42,3,451.28999999999996,2,2
3616,15962.0,2010-09-16 13:48:00,449,1,58,3,295.83,2,2
3617,15963.0,2011-11-20 11:33:00,19,4,28,4,470.76,2,2
3622,15968.0,2010-11-16 13:04:00,388,2,85,2,418.05,2,2
3624,15970.0,2011-02-09 12:08:00,303,2,24,4,1017.32,3,2
3627,15973.0,2011-04-18 09:39:00,235,2,17,4,1196.49,3,2
3629,15975.0,2011-09-16 13:33:00,84,3,24,4,371.01,2,2
3636,15982.0,2010-04-13 15:47:00,605,1,45,3,324.51,2,2
3640,15986.0,2011-11-09 15:17:00,30,4,25,4,354.42,2,2
3643,15989.0,2010-11-29 12:03:00,375,2,88,2,372.51,2,2
3649,15995.0,2010-10-21 13:57:00,414,1,111,2,696.19,3,2
3655,16001.0,2010-11-23 17:10:00,381,2,39,3,647.72,3,2
3660,16006.0,2011-05-12 13:12:00,211,2,82,2,347.17,2,2
3675,16021.0,2010-11-09 14:48:00,395,2,145,2,532.25,2,2
3676,16022.0,2011-03-24 13:16:00,260,2,76,3,628.28,3,2
3679,16025.0,2011-11-10 11:45:00,29,4,28,4,439.65999999999997,2,2
3681,16027.0,2011-09-09 10:47:00,91,3,38,4,2296.88,4,2
3685,16031.0,2011-09-08 13:07:00,92,3,100,2,548.94,2,2
3688,16034.0,2011-05-27 16:17:00,196,2,58,3,931.67,3,2
3691,16037.0,2011-03-15 09:13:00,269,2,73,3,1529.24,4,2
3692,16038.0,2011-12-02 12:40:00,7,5,28,4,489.23,2,2
3702,16048.0,2011-09-15 10:12:00,85,3,46,3,1093.93,3,2
3704,16050.0,2011-06-19 11:44:00,173,3,21,4,300.7,2,2
3706,16052.0,2011-10-16 15:13:00,54,4,34,4,362.06,2,2
3724,16070.0,2011-11-17 15:50:00,22,4,33,4,852.15,3,2
3729,16075.0,2010-07-25 11:31:00,502,1,42,3,746.88,3,2
3731,16077.0,2010-05-14 16:38:00,574,1,9,5,4000.8,5,2
3732,16078.0,2011-03-01 09:47:00,283,2,39,3,362.99,2,2
3734,16080.0,2011-09-19 10:42:00,81,3,33,4,732.22,3,2
3741,16087.0,2010-11-15 16:44:00,389,2,10,5,1739.92,4,2
3742,16088.0,2010-05-13 10:16:00,575,1,6,5,1437.43,4,2
3745,16091.0,2011-07-08 08:45:00,154,3,18,4,315.06,2,2
3750,16096.0,2011-03-20 13:38:00,264,2,66,3,1584.97,4,2
3763,16109.0,2011-05-05 09:17:00,218,2,32,4,955.38,3,2
3765,16111.0,2010-10-07 19:51:00,428,1,75,3,562.48,2,2
3770,16116.0,2011-05-18 09:23:00,205,2,35,4,632.68,3,2
3776,16122.0,2011-09-27 15:34:00,73,3,64,3,1001.34,3,2
3777,16123.0,2011-10-19 09:18:00,51,4,16,5,307.78,2,2
3784,16130.0,2010-10-13 15:14:00,422,1,55,3,987.48,3,2
3786,16132.0,2010-06-13 13:49:00,544,1,17,4,664.1999999999999,3,2
3789,16135.0,2011-03-22 12:30:00,262,2,39,3,819.45,3,2
3790,16136.0,2011-10-11 09:10:00,59,3,48,3,972.52,3,2
3792,16138.0,2010-12-06 15:10:00,368,2,39,3,926.25,3,2
3795,16141.0,2011-09-12 13:11:00,88,3,50,3,955.94,3,2
3800,16146.0,2011-07-05 14:20:00,157,3,41,3,946.38,3,2
3803,16149.0,2011-12-05 11:29:00,4,5,30,4,422.22,2,2
3805,16151.0,2010-04-20 11:25:00,598,1,1,5,4217.59,5,2
3806,16152.0,2011-03-16 09:47:00,268,2,29,4,1829.04,4,2
3809,16155.0,2010-11-23 12:03:00,381,2,50,3,812.75,3,2
3812,16158.0,2010-07-05 13:55:00,522,1,36,4,645.32,3,2
3813,16159.0,2011-03-03 12:27:00,281,2,53,3,1235.29,3,2
3814,16160.0,2011-10-06 18:30:00,64,3,22,4,1041.43,3,2
3821,16167.0,2010-10-21 15:33:00,414,1,71,3,1622.3700000000001,4,2
3832,16178.0,2011-07-24 16:05:00,138,3,25,4,612.6,2,2
3837,16183.0,2011-10-03 14:59:00,67,3,41,3,1077.81,3,2
3838,16184.0,2011-10-06 17:43:00,64,3,46,3,1162.04,3,2
3847,16193.0,2011-04-17 11:45:00,236,2,38,4,630.43,3,2
3852,16198.0,2011-09-25 14:58:00,75,3,33,4,1030.0410000000002,3,2
3861,16207.0,2011-11-14 13:51:00,25,4,19,4,394.38,2,2
3865,16211.0,2011-09-19 16:23:00,81,3,37,4,1094.84,3,2
3870,16216.0,2011-03-17 15:34:00,267,2,37,4,914.9300000000001,3,2
3877,16223.0,2010-11-30 11:50:00,374,2,126,2,1102.3500000000001,3,2
3880,16226.0,2011-05-20 14:41:00,203,2,31,4,672.1700000000001,3,2
3881,16227.0,2011-05-04 16:27:00,219,2,41,3,1105.6200000000001,3,2
3882,16228.0,2010-11-30 13:53:00,374,2,56,3,895.46,3,2
3884,16230.0,2011-06-03 10:06:00,189,3,35,4,542.03,2,2
3885,16231.0,2010-11-25 15:00:00,379,2,101,2,1078.22,3,2
3890,16236.0,2011-09-22 14:10:00,78,3,20,4,432.2,2,2
3897,16243.0,2011-11-06 12:32:00,33,4,51,3,409.1,2,2
3900,16246.0,2010-09-06 12:04:00,459,1,89,2,827.25,3,2
3904,16250.0,2011-03-23 15:07:00,261,2,49,3,791.38,3,2
3906,16252.0,2010-12-08 16:15:00,366,2,63,3,885.27,3,2
3908,16254.0,2010-11-26 13:22:00,378,2,75,3,985.14,3,2
3910,16256.0,2011-03-27 12:14:00,257,2,30,4,1649.17,4,2
3913,16259.0,2010-10-25 14:27:00,410,2,93,2,361.94,2,2
3914,16260.0,2011-10-20 09:40:00,50,4,18,4,1035.45,3,2
3916,16262.0,2010-12-14 11:55:00,360,2,50,3,832.52,3,2
3918,16264.0,2010-09-27 15:00:00,438,1,66,3,837.53,3,2
3922,16268.0,2011-09-29 18:30:00,71,3,45,3,667.65,3,2
3923,16269.0,2010-10-07 16:17:00,428,1,54,3,720.5500000000001,3,2
3924,16270.0,2010-12-21 14:26:00,353,2,54,3,1141.24,3,2
3926,16272.0,2011-08-15 10:54:00,116,3,25,4,411.7,2,2
3928,16274.0,2010-12-01 15:35:00,373,2,134,2,715.9,3,2
3930,16276.0,2011-06-16 09:34:00,176,3,26,4,2629.3900000000003,4,2
3936,16282.0,2011-01-04 11:42:00,339,2,33,4,1307.58,4,2
3941,16287.0,2011-06-23 09:08:00,169,3,42,3,1006.98,3,2
3959,16305.0,2011-07-24 12:18:00,138,3,22,4,361.21999999999997,2,2
3960,16306.0,2011-05-10 12:12:00,213,2,72,3,1222.82,3,2
3961,16307.0,2010-10-06 14:31:00,429,1,75,3,1194.92,3,2
3963,16309.0,2011-09-09 12:26:00,91,3,44,3,726.47,3,2
3965,16311.0,2011-11-22 08:54:00,17,5,37,4,616.26,2,2
3968,16314.0,2010-11-15 12:06:00,389,2,62,3,1491.4,4,2
3972,16318.0,2011-11-04 13:05:00,35,4,19,4,328.15,2,2
3975,16321.0,2011-09-28 14:55:00,72,3,36,4,943.6,3,2
3976,16322.0,2011-12-08 15:41:00,1,5,37,4,326.75,2,2
3978,16324.0,2011-08-03 12:58:00,128,3,118,2,428.68,2,2
3985,16331.0,2010-10-03 13:47:00,432,1,34,4,2037.7,4,2
3998,16344.0,2011-07-04 15:50:00,158,3,46,3,842.42,3,2
4006,16352.0,2011-11-22 10:32:00,17,5,28,4,494.44,2,2
4009,16355.0,2010-11-30 15:08:00,374,2,50,3,483.5,2,2
4010,16356.0,2011-05-26 11:51:00,197,2,60,3,417.32,2,2
4031,16377.0,2011-03-17 15:41:00,267,2,10,5,1308.48,4,2
4034,16380.0,2011-10-09 15:40:00,61,3,32,4,1780.59,4,2
4036,16382.0,2010-10-27 16:23:00,408,2,44,3,353.1,2,2
4041,16387.0,2011-01-21 11:34:00,322,2,96,2,918.55,3,2
4046,16392.0,2011-03-15 12:11:00,269,2,149,2,763.05,3,2
4056,16402.0,2011-03-20 12:25:00,264,2,117,2,511.4,2,2
4058,16404.0,2011-09-30 14:55:00,70,3,24,4,455.8,2,2
4067,16413.0,2011-10-14 12:08:00,56,4,69,3,528.98,2,2
4068,16414.0,2011-11-18 09:42:00,21,4,64,3,559.71,2,2
4077,16423.0,2011-11-15 09:21:00,24,4,18,4,346.12,2,2
4084,16430.0,2011-10-13 14:47:00,57,4,28,4,1117.94,3,2
4085,16431.0,2011-05-10 14:09:00,213,2,83,2,642.81,3,2
4087,16433.0,2011-11-11 14:09:00,28,4,34,4,384.52,2,2
4089,16435.0,2010-07-15 18:22:00,512,1,126,2,1011.5699999999999,3,2
4090,16436.0,2010-02-09 13:19:00,668,1,43,3,416.64,2,2
4101,16447.0,2011-07-27 12:45:00,135,3,73,3,775.14,3,2
4102,16448.0,2011-05-25 16:28:00,198,2,52,3,367.87,2,2
4103,16449.0,2011-06-02 11:07:00,190,3,43,3,740.69,3,2
4105,16451.0,2011-09-13 09:17:00,87,3,66,3,1016.9,3,2
4119,16465.0,2010-10-22 09:22:00,413,2,49,3,766.14,3,2
4121,16467.0,2010-07-19 11:49:00,508,1,25,4,2875.92,4,2
4122,16468.0,2011-09-26 14:13:00,74,3,45,3,787.52,3,2
4125,16471.0,2011-03-10 09:41:00,274,2,64,3,1193.78,3,2
4126,16472.0,2010-10-01 13:56:00,434,1,39,3,789.6,3,2
4127,16473.0,2011-06-28 09:10:00,164,3,29,4,472.08,2,2
4129,16475.0,2011-09-12 14:37:00,88,3,28,4,544.3,2,2
4132,16478.0,2011-11-14 15:51:00,25,4,17,4,331.0,2,2
4133,16479.0,2011-11-29 13:40:00,10,5,35,4,300.83,2,2
4134,16480.0,2011-09-25 11:40:00,75,3,53,3,769.29,3,2
4136,16482.0,2011-11-24 12:33:00,15,5,18,4,220.62,1,2
4138,16484.0,2011-06-19 12:06:00,173,3,26,4,429.2,2,2
4142,16488.0,2011-11-06 13:42:00,33,4,31,4,505.4,2,2
4148,16494.0,2011-02-16 12:49:00,296,2,50,3,826.53,3,2
4159,16505.0,2011-11-08 12:14:00,31,4,4,5,777.6,3,2
4172,16518.0,2011-10-09 15:04:00,61,3,71,3,980.47,3,2
4173,16519.0,2011-11-14 15:41:00,25,4,42,3,556.26,2,2
4178,16524.0,2010-09-19 13:37:00,446,1,54,3,308.14,2,2
4180,16526.0,2011-06-21 12:02:00,171,3,35,4,717.21,3,2
4182,16528.0,2011-12-06 12:45:00,3,5,17,4,244.41,1,2
4188,16534.0,2010-03-07 15:47:00,642,1,36,4,635.9,3,2
4190,16536.0,2011-08-24 13:20:00,107,3,56,3,558.92,2,2
4192,16538.0,2010-06-16 16:59:00,541,1,43,3,399.62,2,2
4195,16541.0,2009-12-04 13:22:00,735,1,39,3,428.28,2,2
4199,16545.0,2011-06-28 10:37:00,164,3,8,5,689.82,3,2
4215,16561.0,2011-12-04 11:50:00,5,5,31,4,511.12,2,2
4220,16566.0,2011-11-24 16:34:00,15,5,19,4,615.3100000000001,2,2
4221,16567.0,2011-05-29 13:57:00,194,2,35,4,865.6,3,2
4226,16572.0,2011-08-04 16:34:00,127,3,58,3,1019.5,3,2
4227,16573.0,2011-09-27 11:17:00,73,3,46,3,678.8100000000001,3,2
4240,16586.0,2011-04-05 09:32:00,248,2,28,4,1462.78,4,2
4242,16588.0,2010-11-18 17:56:00,386,2,71,3,1361.28,4,2
4243,16589.0,2011-09-29 14:50:00,71,3,44,3,612.36,2,2
4244,16590.0,2010-11-23 19:01:00,381,2,33,4,648.2,3,2
4248,16594.0,2011-09-25 14:08:00,75,3,53,3,181.09,1,2
4250,16596.0,2011-11-24 10:02:00,15,5,30,4,579.63,2,2
4257,16603.0,2011-09-26 10:06:00,74,3,34,4,482.47,2,2
4267,16613.0,2011-09-30 15:52:00,70,3,30,4,618.59,2,2
4268,16614.0,2011-06-10 11:36:00,182,3,49,3,1179.79,3,2
4270,16616.0,2011-11-24 16:31:00,15,5,33,4,500.42,2,2
4275,16621.0,2011-10-19 11:38:00,51,4,29,4,813.48,3,2
4277,16623.0,2011-04-08 10:09:00,245,2,52,3,1027.99,3,2
4278,16624.0,2011-09-20 12:39:00,80,3,48,3,810.5699999999999,3,2
4281,16627.0,2011-09-21 14:38:00,79,3,20,4,322.8,2,2
4283,16629.0,2011-09-27 10:34:00,73,3,64,3,417.73,2,2
4295,16641.0,2011-08-26 12:49:00,105,3,36,4,554.5,2,2
4297,16643.0,2011-04-08 08:24:00,245,2,58,3,930.6600000000001,3,2
4298,16644.0,2011-06-15 12:39:00,177,3,62,3,833.78,3,2
4300,16646.0,2010-09-21 20:07:00,444,1,30,4,682.55,3,2
4301,16647.0,2011-06-23 11:47:00,169,3,33,4,541.9,2,2
4312,16658.0,2010-12-06 13:47:00,368,2,82,2,931.42,3,2
4315,16661.0,2010-06-17 15:24:00,540,1,79,2,1131.08,3,2
4320,16666.0,2011-11-20 14:01:00,19,4,50,3,225.94,1,2
4321,16667.0,2011-10-02 15:26:00,68,3,53,3,570.13,2,2
4325,16671.0,2011-11-11 13:40:00,28,4,6,5,1692.27,4,2
4331,16677.0,2010-11-11 18:01:00,393,2,49,3,911.47,3,2
4333,16679.0,2010-12-08 13:51:00,366,2,21,4,793.06,3,2
4334,16680.0,2011-10-27 17:35:00,43,4,29,4,821.45,3,2
4339,16685.0,2011-10-09 13:58:00,61,3,62,3,324.24,2,2
4344,16690.0,2011-10-27 10:58:00,43,4,20,4,369.98,2,2
4346,16692.0,2011-03-28 14:46:00,256,2,5,5,1914.6999999999998,4,2
4350,16696.0,2011-07-27 14:23:00,135,3,10,5,657.9000000000001,3,2
4352,16698.0,2011-04-27 10:52:00,226,2,5,5,1998.0,4,2
4353,16699.0,2010-11-24 14:38:00,380,2,63,3,1024.3,3,2
4356,16702.0,2010-10-20 14:10:00,415,1,92,2,1120.78,3,2
4358,16704.0,2010-03-31 14:02:00,618,1,58,3,695.66,3,2
4361,16707.0,2010-11-04 14:39:00,400,2,66,3,551.11,2,2
4362,16708.0,2011-10-25 12:20:00,45,4,27,4,656.63,3,2
4369,16715.0,2011-09-22 18:15:00,78,3,28,4,625.52,3,2
4370,16716.0,2011-03-18 10:03:00,266,2,9,5,2731.08,4,2
4391,16737.0,2011-10-17 13:03:00,53,4,2,5,835.1999999999999,3,2
4393,16739.0,2011-06-20 17:15:00,172,3,42,3,800.63,3,2
4412,16758.0,2011-10-05 14:47:00,65,3,22,4,369.34000000000003,2,2
4417,16763.0,2011-06-07 14:24:00,185,3,45,3,981.65,3,2
4419,16765.0,2011-02-18 15:41:00,294,2,52,3,454.75,2,2
4420,16766.0,2011-03-11 15:22:00,273,2,34,4,1145.6,3,2
4423,16769.0,2011-03-24 13:41:00,260,2,100,2,1141.75,3,2
4427,16773.0,2011-10-13 14:37:00,57,4,65,3,421.24,2,2
4430,16776.0,2011-10-10 13:04:00,60,3,137,2,619.85,2,2
4434,16780.0,2011-08-31 16:09:00,100,3,99,2,605.55,2,2
4435,16781.0,2010-12-09 15:18:00,365,2,60,3,967.45,3,2
4441,16787.0,2010-11-07 11:01:00,397,2,114,2,1035.43,3,2
4446,16792.0,2011-03-02 14:41:00,282,2,102,2,623.46,3,2
4450,16796.0,2011-09-11 14:01:00,89,3,18,4,305.62,2,2
4452,16798.0,2010-06-03 19:01:00,554,1,175,2,859.86,3,2
4453,16799.0,2010-10-03 14:28:00,432,1,107,2,500.93,2,2
4456,16802.0,2010-01-29 13:44:00,679,1,53,3,582.61,2,2
4457,16803.0,2011-10-05 14:28:00,65,3,24,4,332.3,2,2
4458,16804.0,2011-11-16 16:43:00,23,4,60,3,536.99,2,2
4462,16808.0,2011-09-01 19:34:00,99,3,23,4,288.42,2,2
4464,16810.0,2011-05-31 15:32:00,192,2,38,4,897.94,3,2
4465,16811.0,2011-12-05 11:39:00,4,5,28,4,547.07,2,2
4469,16815.0,2010-09-12 10:59:00,453,1,74,3,410.97,2,2
4470,16816.0,2011-08-28 14:16:00,103,3,28,4,417.06,2,2
4474,16820.0,2011-09-05 12:06:00,95,3,26,4,497.61,2,2
4480,16826.0,2011-10-19 14:05:00,51,4,22,4,341.7,2,2
4483,16829.0,2011-07-06 10:48:00,156,3,27,4,513.32,2,2
4486,16832.0,2011-06-08 15:36:00,184,3,21,4,417.61,2,2
4488,16834.0,2011-04-26 09:37:00,227,2,48,3,898.96,3,2
4492,16838.0,2011-05-26 13:13:00,197,2,61,3,1192.56,3,2
4501,16847.0,2011-10-27 13:29:00,43,4,37,4,614.89,2,2
4505,16851.0,2011-12-05 13:32:00,4,5,20,4,342.45,2,2
4508,16854.0,2010-10-18 16:31:00,417,1,75,3,1408.96,4,2
4509,16855.0,2011-11-16 12:03:00,23,4,19,4,328.4,2,2
4510,16856.0,2011-11-25 08:59:00,14,5,19,4,358.49,2,2
4514,16860.0,2010-09-13 10:05:00,452,1,44,3,1627.57,4,2
4515,16861.0,2011-10-11 09:05:00,59,3,53,3,990.8100000000001,3,2
4516,16862.0,2010-06-10 13:05:00,547,1,35,4,662.33,3,2
4522,16868.0,2010-11-10 13:17:00,394,2,54,3,393.39,2,2
4526,16872.0,2011-09-23 16:05:00,77,3,18,4,1213.13,3,2
4536,16882.0,2011-10-04 10:42:00,66,3,39,3,705.12,3,2
4542,16888.0,2010-11-04 12:39:00,400,2,54,3,437.15,2,2
4547,16893.0,2010-12-08 12:06:00,366,2,135,2,401.77,2,2
4551,16897.0,2011-02-13 15:45:00,299,2,44,3,366.53000000000003,2,2
4563,16909.0,2011-10-06 18:06:00,64,3,19,4,394.14,2,2
4571,16917.0,2011-03-08 11:55:00,276,2,52,3,1866.78,4,2
4575,16921.0,2011-10-09 16:22:00,61,3,95,2,446.67,2,2
4576,16922.0,2010-05-16 11:24:00,572,1,122,2,611.08,2,2
4584,16930.0,2011-11-13 16:13:00,26,4,54,3,380.55,2,2
4589,16935.0,2010-11-23 09:16:00,381,2,73,3,535.1,2,2
4593,16939.0,2010-08-08 12:24:00,488,1,44,3,449.0,2,2
4597,16943.0,2011-05-12 11:57:00,211,2,37,4,1782.25,4,2
4600,16946.0,2010-11-21 14:06:00,383,2,76,3,1244.54,3,2
4601,16947.0,2011-04-18 09:38:00,235,2,60,3,1013.69,3,2
4602,16948.0,2011-07-24 12:46:00,138,3,43,3,868.77,3,2
4610,16956.0,2011-11-30 14:28:00,9,5,18,4,325.14,2,2
4612,16958.0,2010-09-30 14:25:00,435,1,74,3,809.44,3,2
4615,16961.0,2011-08-15 13:46:00,116,3,55,3,816.11,3,2
4621,16967.0,2011-06-03 14:24:00,189,3,21,4,319.02,2,2
4622,16968.0,2011-12-05 15:02:00,4,5,31,4,439.43,2,2
4626,16972.0,2010-11-22 10:59:00,382,2,88,2,786.25,3,2
4629,16975.0,2010-10-22 10:35:00,413,2,47,3,949.82,3,2
4632,16978.0,2011-09-23 12:50:00,77,3,67,3,768.88,3,2
4635,16981.0,2010-06-17 15:49:00,540,1,1,5,4620.86,5,2
4636,16982.0,2011-10-10 12:28:00,60,3,22,4,384.06,2,2
4642,16988.0,2011-12-04 16:02:00,5,5,20,4,382.67,2,2
4643,16989.0,2011-12-02 16:39:00,7,5,12,5,1133.25,3,2
4645,16991.0,2010-10-14 14:08:00,421,1,74,3,1041.21,3,2
4647,16993.0,2010-09-02 17:45:00,463,1,29,4,2213.75,4,2
4653,16999.0,2011-11-16 13:53:00,23,4,23,4,484.82,2,2
4657,17003.0,2010-11-02 13:15:00,402,2,112,2,830.16,3,2
4659,17005.0,2010-08-26 10:57:00,470,1,21,4,752.31,3,2
4665,17011.0,2011-11-09 13:30:00,30,4,29,4,806.7,3,2
4666,17012.0,2009-12-14 17:34:00,725,1,42,3,384.16,2,2
4667,17013.0,2010-04-15 15:04:00,603,1,2,5,3224.76,5,2
4670,17016.0,2010-05-12 12:32:00,576,1,41,3,552.4,2,2
4674,17020.0,2010-06-15 13:06:00,542,1,69,3,935.62,3,2
4675,17021.0,2010-09-23 20:01:00,442,1,48,3,1182.22,3,2
4677,17023.0,2010-10-18 15:37:00,417,1,49,3,800.18,3,2
4683,17029.0,2011-08-21 11:06:00,110,3,29,4,2137.3,4,2
4689,17035.0,2011-04-08 11:23:00,245,2,37,4,658.79,3,2
4693,17039.0,2010-04-14 12:56:00,604,1,44,3,1954.99,4,2
4699,17045.0,2011-08-18 17:09:00,113,3,53,3,827.6800000000001,3,2
4705,17051.0,2011-05-29 14:13:00,194,2,157,2,714.39,3,2
4711,17057.0,2010-04-22 19:21:00,596,1,50,3,294.74,2,2
4712,17058.0,2011-09-19 10:13:00,81,3,62,3,1179.89,3,2
4716,17062.0,2011-01-30 11:01:00,313,2,165,2,1212.1200000000001,3,2
4724,17070.0,2011-08-17 17:01:00,114,3,105,2,445.32,2,2
4732,17078.0,2011-11-03 19:17:00,36,4,28,4,378.2,2,2
4734,17080.0,2011-11-17 12:59:00,22,4,34,4,959.65,3,2
4753,17099.0,2010-06-24 16:25:00,533,1,40,3,582.17,2,2
4760,17106.0,2010-11-15 14:11:00,389,2,53,3,491.23,2,2
4764,17110.0,2011-06-27 12:58:00,165,3,51,3,510.7,2,2
4765,17111.0,2011-10-23 15:59:00,47,4,49,3,476.58,2,2
4770,17116.0,2010-03-01 16:29:00,648,1,47,3,389.78,2,2
4773,17119.0,2011-12-06 14:40:00,3,5,38,4,620.21,2,2
4776,17122.0,2011-08-12 14:33:00,119,3,30,4,570.5,2,2
4777,17123.0,2011-07-01 10:47:00,161,3,43,3,977.17,3,2
4778,17124.0,2011-06-07 14:02:00,185,3,32,4,298.89,2,2
4779,17125.0,2011-10-20 14:41:00,50,4,40,3,259.35,1,2
4781,17127.0,2010-10-07 09:54:00,428,1,37,4,1155.0300000000002,3,2
4788,17134.0,2011-08-25 09:53:00,106,3,37,4,637.1,3,2
4791,17137.0,2010-10-19 14:51:00,416,1,176,2,1133.63,3,2
4795,17141.0,2010-10-17 14:54:00,418,1,174,2,754.33,3,2
4797,17143.0,2010-10-18 15:27:00,417,1,121,2,924.11,3,2
4806,17152.0,2011-05-29 12:19:00,194,2,18,4,2202.5,4,2
4808,17154.0,2011-09-25 13:42:00,75,3,23,4,329.34,2,2
4810,17156.0,2010-08-12 15:53:00,484,1,41,3,611.67,2,2
4815,17161.0,2010-09-21 16:44:00,444,1,52,3,856.01,3,2
4817,17163.0,2011-11-18 08:57:00,21,4,30,4,699.78,3,2
4821,17167.0,2010-11-25 10:05:00,379,2,79,2,867.11,3,2
4826,17172.0,2011-09-26 12:04:00,74,3,43,3,1002.15,3,2
4830,17176.0,2011-05-22 12:41:00,201,2,42,3,902.3199999999999,3,2
4835,17181.0,2011-10-13 14:48:00,57,4,30,4,465.37,2,2
4848,17194.0,2011-03-11 12:05:00,273,2,61,3,812.5,3,2
4850,17196.0,2010-10-08 11:31:00,427,1,104,2,352.9,2,2
4851,17197.0,2011-11-10 10:32:00,29,4,29,4,1013.01,3,2
4859,17205.0,2011-10-17 12:46:00,53,4,35,4,999.35,3,2
4861,17207.0,2010-02-25 19:08:00,652,1,67,3,303.21999999999997,2,2
4863,17209.0,2010-02-28 16:01:00,649,1,40,3,611.6,2,2
4866,17212.0,2011-03-31 19:42:00,253,2,29,4,794.41,3,2
4873,17219.0,2011-11-08 11:25:00,31,4,50,3,259.13,1,2
4877,17223.0,2011-02-02 15:57:00,310,2,101,2,873.53,3,2
4880,17226.0,2011-02-04 11:52:00,308,2,61,3,900.12,3,2
4883,17229.0,2011-09-04 13:56:00,96,3,47,3,318.76,2,2
4886,17232.0,2011-12-07 12:21:00,2,5,36,4,421.52,2,2
4887,17233.0,2011-11-04 14:06:00,35,4,58,3,560.86,2,2
4893,17239.0,2011-01-31 09:41:00,312,2,34,4,1204.75,3,2
4901,17247.0,2011-11-24 15:21:00,15,5,55,3,282.19,1,2
4902,17248.0,2011-08-11 13:34:00,120,3,117,2,546.16,2,2
4905,17251.0,2010-12-12 11:06:00,362,2,82,2,821.13,3,2
4906,17252.0,2011-08-15 09:45:00,116,3,87,2,353.86,2,2
4907,17253.0,2011-11-21 12:59:00,18,5,18,4,178.26,1,2
4910,17256.0,2011-08-24 13:30:00,107,3,31,4,498.93,2,2
4912,17258.0,2010-11-08 12:37:00,396,2,55,3,417.3,2,2
4918,17264.0,2010-10-11 12:52:00,424,1,84,2,279.59,1,2
4919,17265.0,2011-07-24 10:49:00,138,3,127,2,562.9,2,2
4921,17267.0,2011-08-04 17:22:00,127,3,38,4,317.62,2,2
4922,17268.0,2011-08-24 10:06:00,107,3,30,4,1733.8899999999999,4,2
4923,17269.0,2010-11-19 11:12:00,385,2,146,2,537.46,2,2
4924,17270.0,2010-08-27 14:09:00,469,1,49,3,604.4,2,2
4930,17276.0,2010-11-05 10:42:00,399,2,57,3,565.4399999999999,2,2
4931,17277.0,2011-04-26 12:47:00,227,2,69,3,1065.3500000000001,3,2
4939,17285.0,2010-03-21 13:38:00,628,1,49,3,428.34,2,2
4949,17295.0,2011-11-11 10:49:00,28,4,69,3,556.95,2,2
4951,17297.0,2011-11-22 14:43:00,17,5,51,3,131.78,1,2
4952,17298.0,2011-08-30 16:43:00,101,3,71,3,962.6,3,2
4954,17300.0,2010-11-14 10:56:00,390,2,44,3,393.64,2,2
4959,17305.0,2010-03-01 12:47:00,648,1,9,5,2135.46,4,2
4962,17308.0,2010-11-11 13:19:00,393,2,7,5,4511.76,5,2
4963,17309.0,2011-09-05 15:20:00,95,3,37,4,330.59000000000003,2,2
4966,17312.0,2011-07-24 11:52:00,138,3,14,5,644.3,3,2
4971,17317.0,2011-10-24 17:26:00,46,4,11,5,2676.66,4,2
4976,17322.0,2010-11-28 14:41:00,376,2,180,2,944.54,3,2
4979,17325.0,2011-03-04 13:09:00,280,2,39,3,609.5699999999999,2,2
4980,17326.0,2010-10-27 15:38:00,408,2,89,2,321.95,2,2
4984,17330.0,2011-11-17 08:56:00,22,4,8,5,423.8,2,2
4986,17332.0,2010-06-29 16:10:00,528,1,95,2,838.27,3,2
4987,17333.0,2011-09-15 10:11:00,85,3,28,4,494.25,2,2
4988,17334.0,2011-02-11 16:34:00,301,2,32,4,635.57,3,2
4989,17335.0,2010-11-21 10:17:00,383,2,39,3,508.0,2,2
4996,17342.0,2010-11-30 14:08:00,374,2,40,3,1299.24,4,2
4997,17343.0,2010-12-19 15:07:00,355,2,80,2,1259.94,3,2
4998,17344.0,2011-10-24 12:56:00,46,4,70,3,481.61,2,2
5010,17356.0,2011-02-01 11:07:00,311,2,86,2,946.47,3,2
5011,17357.0,2011-11-15 16:30:00,24,4,45,3,388.14,2,2
5012,17358.0,2011-02-09 16:57:00,303,2,147,2,866.05,3,2
5013,17359.0,2011-11-28 14:37:00,11,5,38,4,284.46,1,2
5016,17362.0,2011-04-14 14:43:00,239,2,146,2,1037.54,3,2
5017,17363.0,2010-11-09 17:11:00,395,2,36,4,940.86,3,2
5020,17366.0,2010-11-12 16:55:00,392,2,136,2,1097.89,3,2
5024,17370.0,2011-09-28 10:14:00,72,3,33,4,446.18,2,2
5028,17374.0,2011-05-05 09:05:00,218,2,43,3,743.01,3,2
5030,17376.0,2011-09-30 12:36:00,70,3,55,3,453.64,2,2
5036,17382.0,2011-10-05 13:05:00,65,3,18,4,902.28,3,2
5038,17384.0,2011-11-20 15:48:00,19,4,20,4,507.55,2,2
5039,17385.0,2011-11-25 11:02:00,14,5,47,3,261.11,1,2
5046,17392.0,2011-02-06 12:48:00,306,2,76,3,626.56,3,2
5047,17393.0,2010-10-25 11:10:00,410,2,48,3,381.15,2,2
5052,17398.0,2011-08-17 09:48:00,114,3,38,4,653.38,3,2
5053,17399.0,2010-06-17 16:52:00,540,1,1,5,25111.09,5,2
5057,17403.0,2011-11-03 15:18:00,36,4,46,3,400.57,2,2
5075,17421.0,2010-11-18 16:57:00,386,2,58,3,1059.41,3,2
5085,17431.0,2011-01-30 14:36:00,313,2,43,3,403.3,2,2
5087,17433.0,2011-09-12 14:24:00,88,3,93,2,569.96,2,2
5090,17436.0,2011-12-08 12:30:00,1,5,21,4,546.81,2,2
5091,17437.0,2010-06-28 11:11:00,529,1,53,3,373.17,2,2
5092,17438.0,2011-04-06 17:16:00,247,2,73,3,1432.92,4,2
5101,17447.0,2011-10-30 14:18:00,40,4,36,4,541.53,2,2
5107,17453.0,2011-11-22 09:42:00,17,5,19,4,486.71999999999997,2,2
5110,17456.0,2010-12-09 15:23:00,365,2,77,3,1225.42,3,2
5116,17462.0,2011-10-19 13:36:00,51,4,28,4,688.44,3,2
5118,17464.0,2011-07-04 13:19:00,158,3,45,3,1122.14,3,2
5131,17477.0,2010-04-06 10:06:00,612,1,47,3,1209.6,3,2
5132,17478.0,2010-10-27 15:01:00,408,2,40,3,1272.8,4,2
5134,17480.0,2011-09-27 10:21:00,73,3,56,3,907.34,3,2
5136,17482.0,2010-08-09 15:33:00,487,1,54,3,778.19,3,2
5137,17483.0,2011-10-05 13:10:00,65,3,28,4,591.73,2,2
5143,17489.0,2011-10-12 08:56:00,58,4,29,4,376.64,2,2
5146,17492.0,2011-04-05 15:21:00,248,2,39,3,1122.42,3,2
5150,17496.0,2010-12-16 08:39:00,358,2,74,3,1439.89,4,2
5153,17499.0,2011-02-23 09:14:00,289,2,73,3,1385.94,4,2
5154,17500.0,2011-11-22 14:25:00,17,5,5,5,1138.0,3,2
5157,17503.0,2011-12-07 09:18:00,2,5,38,4,558.96,2,2
5161,17507.0,2011-03-23 11:48:00,261,2,88,2,605.58,2,2
5164,17510.0,2011-11-15 10:00:00,24,4,35,4,514.56,2,2
5167,17513.0,2011-09-28 16:42:00,72,3,18,4,1158.8,3,2
5168,17514.0,2011-08-03 15:45:00,128,3,87,2,542.83,2,2
5172,17518.0,2010-10-10 12:40:00,425,1,77,3,329.42,2,2
5174,17520.0,2011-10-17 12:04:00,53,4,30,4,546.81,2,2
5178,17524.0,2010-12-13 14:32:00,361,2,45,3,569.38,2,2
5179,17525.0,2010-12-15 12:05:00,359,2,26,4,1161.9,3,2
5183,17529.0,2010-04-08 17:51:00,610,1,82,2,1240.25,3,2
5196,17542.0,2011-03-15 11:45:00,269,2,65,3,341.7,2,2
5198,17544.0,2010-11-14 15:08:00,390,2,92,2,960.69,3,2
5201,17547.0,2010-12-02 14:29:00,372,2,38,4,775.1500000000001,3,2
5202,17548.0,2011-05-06 10:00:00,217,2,53,3,1117.52,3,2
5205,17551.0,2010-12-15 14:12:00,359,2,43,3,306.84,2,2
5207,17553.0,2011-08-02 10:00:00,129,3,6,5,3757.6,5,2
5211,17557.0,2011-11-25 12:57:00,14,5,35,4,575.46,2,2
5218,17564.0,2011-11-15 13:27:00,24,4,49,3,454.01,2,2
5222,17568.0,2010-03-16 16:45:00,633,1,65,3,382.79,2,2
5226,17572.0,2011-09-29 17:53:00,71,3,36,4,723.01,3,2
5227,17573.0,2011-11-10 13:01:00,29,4,26,4,398.3,2,2
5232,17578.0,2011-06-02 11:42:00,190,3,70,3,1090.93,3,2
5234,17580.0,2011-04-01 12:41:00,252,2,95,2,545.27,2,2
5255,17601.0,2011-04-14 18:02:00,239,2,76,3,421.48,2,2
5269,17615.0,2011-08-01 14:06:00,130,3,60,3,740.7,3,2
5270,17616.0,2011-06-19 10:11:00,173,3,5,5,1060.8,3,2
5276,17622.0,2010-04-22 11:23:00,596,1,39,3,1135.25,3,2
5284,17630.0,2011-06-23 11:58:00,169,3,26,4,503.59999999999997,2,2
5289,17635.0,2010-10-11 15:12:00,424,1,75,3,1274.33,4,2
5290,17636.0,2011-12-01 08:29:00,8,5,24,4,305.19,2,2
5291,17637.0,2011-11-08 12:51:00,31,4,35,4,547.0600000000001,2,2
5293,17639.0,2011-03-08 15:22:00,276,2,79,2,615.17,2,2
5297,17643.0,2010-12-01 14:38:00,373,2,39,3,541.25,2,2
5314,17660.0,2011-07-21 13:37:00,141,3,89,2,359.47,2,2
5322,17668.0,2011-12-08 13:25:00,1,5,15,5,347.75,2,2
5328,17674.0,2011-09-26 13:35:00,74,3,38,4,851.7,3,2
5334,17680.0,2011-11-16 12:42:00,23,4,21,4,532.4,2,2
5337,17683.0,2010-11-19 10:11:00,385,2,46,3,819.01,3,2
5345,17691.0,2010-12-16 17:20:00,358,2,53,3,790.25,3,2
5358,17704.0,2011-06-24 09:40:00,168,3,31,4,885.19,3,2
5361,17707.0,2011-06-07 15:03:00,185,3,25,4,613.5500000000001,2,2
5362,17708.0,2011-06-05 10:12:00,187,3,74,3,887.9300000000001,3,2
5363,17709.0,2011-06-23 11:55:00,169,3,40,3,671.01,3,2
5365,17711.0,2011-11-29 11:40:00,10,5,23,4,385.1,2,2
5366,17712.0,2011-10-26 12:28:00,44,4,29,4,522.91,2,2
5367,17713.0,2010-11-22 16:50:00,382,2,76,3,1198.09,3,2
5377,17723.0,2011-08-04 18:37:00,127,3,12,5,3378.4000000000005,5,2
5380,17726.0,2010-11-09 13:37:00,395,2,65,3,1094.56,3,2
5387,17733.0,2011-11-01 08:16:00,38,4,35,4,692.19,3,2
5390,17736.0,2011-11-30 15:36:00,9,5,26,4,417.39,2,2
5400,17746.0,2011-04-19 11:26:00,234,2,40,3,934.9300000000001,3,2
5403,17749.0,2011-06-14 15:45:00,178,3,57,3,1026.18,3,2
5407,17753.0,2010-09-01 15:49:00,464,1,73,3,393.06,2,2
5410,17756.0,2010-11-29 12:20:00,375,2,85,2,733.7,3,2
5415,17761.0,2011-11-07 10:23:00,32,4,19,4,712.78,3,2
5419,17765.0,2011-07-04 12:41:00,158,3,83,2,530.8,2,2
5424,17770.0,2011-05-25 12:34:00,198,2,38,4,1143.27,3,2
5425,17771.0,2011-10-14 11:43:00,56,4,69,3,387.41,2,2
5427,17773.0,2010-07-13 14:07:00,514,1,56,3,585.27,2,2
5430,17776.0,2010-11-18 12:14:00,386,2,85,2,345.31,2,2
5434,17780.0,2010-02-10 13:43:00,667,1,81,2,352.91,2,2
5436,17782.0,2010-11-22 11:15:00,382,2,29,4,679.02,3,2
5437,17783.0,2011-09-28 16:07:00,72,3,92,2,379.91,2,2
5439,17785.0,2011-10-17 13:43:00,53,4,51,3,403.38,2,2
5440,17786.0,2011-09-15 12:51:00,85,3,72,3,278.74,1,2
5442,17788.0,2011-09-27 10:09:00,73,3,5,5,1117.9,3,2
5446,17792.0,2010-08-29 14:30:00,467,1,53,3,370.05,2,2
5447,17793.0,2011-11-14 14:24:00,25,4,58,3,323.04,2,2
5449,17795.0,2011-06-13 12:36:00,179,3,46,3,350.39,2,2
5455,17801.0,2010-09-14 14:32:00,451,1,86,2,800.88,3,2
5458,17804.0,2010-11-28 14:01:00,376,2,93,2,390.33,2,2
5459,17805.0,2011-09-27 11:49:00,73,3,11,5,927.03,3,2
5461,17807.0,2010-11-09 16:21:00,395,2,89,2,437.87,2,2
5464,17810.0,2010-02-09 10:51:00,668,1,57,3,404.76,2,2
5470,17816.0,2011-11-03 11:34:00,36,4,55,3,112.32,1,2
5477,17823.0,2010-10-14 16:24:00,421,1,110,2,494.25,2,2
5478,17824.0,2011-10-19 14:14:00,51,4,13,5,298.4,2,2
5479,17825.0,2010-04-20 12:01:00,598,1,28,4,731.96,3,2
5484,17830.0,2011-12-08 12:28:00,1,5,23,4,398.7,2,2
5486,17832.0,2011-10-21 11:43:00,49,4,61,3,155.37,1,2
5488,17834.0,2010-10-21 12:09:00,414,1,59,3,730.47,3,2
5493,17839.0,2011-10-28 17:27:00,42,4,56,3,338.8,2,2
5497,17843.0,2011-02-09 15:33:00,303,2,64,3,326.23,2,2
5499,17845.0,2010-06-02 15:20:00,555,1,48,3,598.19,2,2
5500,17846.0,2011-09-15 15:20:00,85,3,1,5,2033.1,4,2
5503,17849.0,2011-05-05 13:46:00,218,2,50,3,1063.76,3,2
5520,17866.0,2011-07-20 11:09:00,142,3,27,4,1138.9,3,2
5525,17871.0,2011-05-19 11:32:00,204,2,85,2,1118.99,3,2
5528,17874.0,2011-06-07 12:54:00,185,3,47,3,708.66,3,2
5530,17876.0,2010-11-05 10:52:00,399,2,4,5,3424.02,5,2
5534,17880.0,2010-12-10 10:21:00,364,2,45,3,824.9200000000001,3,2
5536,17882.0,2010-11-25 14:40:00,379,2,56,3,313.46,2,2
5539,17885.0,2011-11-27 14:40:00,12,5,64,3,190.19,1,2
5543,17889.0,2011-05-11 16:26:00,212,2,122,2,774.87,3,2
5544,17890.0,2011-01-21 11:19:00,322,2,94,2,602.09,2,2
5552,17898.0,2011-09-15 14:56:00,85,3,50,3,299.18,2,2
5557,17903.0,2010-11-10 15:39:00,394,2,45,3,381.09000000000003,2,2
5558,17904.0,2011-11-18 13:57:00,21,4,39,3,204.42,1,2
5566,17912.0,2011-02-02 14:25:00,310,2,54,3,390.9,2,2
5572,17918.0,2010-07-27 11:51:00,500,1,40,3,396.39,2,2
5580,17926.0,2011-07-29 14:39:00,133,3,44,3,1035.49,3,2
5582,17928.0,2011-10-25 13:52:00,45,4,27,4,341.24,2,2
5589,17935.0,2011-07-24 13:18:00,138,3,66,3,716.74,3,2
5595,17941.0,2011-08-01 08:30:00,130,3,7,5,1433.28,4,2
5599,17945.0,2010-01-12 11:40:00,696,1,72,3,360.35,2,2
5606,17952.0,2010-11-26 13:54:00,378,2,104,2,819.61,3,2
5609,17955.0,2011-05-25 12:00:00,198,2,22,4,949.9,3,2
5612,17958.0,2011-08-15 12:19:00,116,3,36,4,973.88,3,2
5617,17963.0,2010-08-25 15:58:00,471,1,112,2,651.51,3,2
5621,17967.0,2010-12-03 11:19:00,371,2,115,2,357.28999999999996,2,2
5627,17973.0,2011-10-19 10:34:00,51,4,15,5,337.04,2,2
5630,17976.0,2010-12-02 13:49:00,372,2,130,2,706.38,3,2
5634,17980.0,2011-06-27 12:01:00,165,3,66,3,1033.42,3,2
5639,17985.0,2011-11-17 14:24:00,22,4,23,4,634.95,3,2
5644,17990.0,2011-04-17 11:44:00,236,2,58,3,1532.65,4,2
5645,17991.0,2011-04-28 15:58:00,225,2,40,3,320.55,2,2
5650,17996.0,2010-11-25 11:00:00,379,2,67,3,482.33,2,2
5652,17998.0,2010-11-24 15:35:00,380,2,59,3,676.74,3,2
5659,18005.0,2011-12-06 11:51:00,3,5,60,3,249.72,1,2
5665,18011.0,2010-12-01 17:35:00,373,2,93,2,527.03,2,2
5669,18015.0,2011-12-05 14:49:00,4,5,46,3,120.03,1,2
5671,18017.0,2011-09-19 16:15:00,81,3,4,5,688.0,3,2
5672,18018.0,2011-08-23 17:37:00,108,3,48,3,439.29,2,2
5677,18023.0,2010-06-17 15:23:00,540,1,1,5,3248.86,5,2
5678,18024.0,2011-07-10 12:40:00,152,3,22,4,542.78,2,2
5679,18025.0,2010-11-25 12:37:00,379,2,112,2,1177.72,3,2
5680,18026.0,2010-07-27 10:37:00,500,1,17,4,2074.07,4,2
5685,18031.0,2010-11-26 11:00:00,378,2,65,3,462.09999999999997,2,2
5693,18039.0,2010-11-30 13:07:00,374,2,168,2,579.17,2,2
5694,18040.0,2011-11-20 14:20:00,19,4,19,4,357.20000000000005,2,2
5699,18045.0,2011-10-25 13:07:00,45,4,47,3,189.4,1,2
5701,18047.0,2010-11-23 13:11:00,381,2,88,2,342.69,2,2
5702,18048.0,2011-05-20 14:58:00,203,2,61,3,401.73,2,2
5703,18049.0,2010-09-28 14:26:00,437,1,95,2,556.52,2,2
5705,18051.0,2010-03-15 13:58:00,634,1,58,3,2288.58,4,2
5706,18052.0,2010-05-24 11:11:00,564,1,16,5,10877.18,5,2
5707,18053.0,2011-10-04 17:31:00,66,3,35,4,614.37,2,2
5711,18057.0,2010-11-11 16:55:00,393,2,140,2,1203.56,3,2
5712,18058.0,2011-11-30 08:38:00,9,5,16,5,774.06,3,2
5713,18059.0,2011-11-30 17:02:00,9,5,21,4,316.21,2,2
5714,18060.0,2010-10-27 16:41:00,408,2,75,3,1185.46,3,2
5721,18067.0,2011-10-30 15:58:00,40,4,37,4,396.33,2,2
5726,18072.0,2011-07-07 17:22:00,155,3,36,4,494.88,2,2
5728,18074.0,2010-12-01 09:53:00,373,2,56,3,1509.04,4,2
5732,18078.0,2011-05-06 14:32:00,217,2,77,3,844.6,3,2
5734,18080.0,2011-11-21 08:02:00,18,5,2,5,1231.5,3,2
5735,18081.0,2011-11-03 16:30:00,36,4,17,4,343.45,2,2
5737,18083.0,2010-11-07 11:44:00,397,2,42,3,470.72999999999996,2,2
5739,18085.0,2011-01-13 15:17:00,330,2,71,3,1645.75,4,2
5742,18088.0,2011-10-09 13:41:00,61,3,39,3,167.67000000000002,1,2
5744,18090.0,2010-10-14 12:32:00,421,1,60,3,349.4,2,2
5749,18095.0,2011-01-31 12:50:00,312,2,48,3,2303.09,4,2
5752,18098.0,2010-11-08 16:31:00,396,2,88,2,550.84,2,2
5758,18104.0,2011-11-02 14:07:00,37,4,38,4,754.64,3,2
5762,18108.0,2011-04-05 08:25:00,248,2,49,3,855.16,3,2
5771,18117.0,2011-11-14 12:47:00,25,4,74,3,320.72,2,2
5773,18119.0,2010-12-07 11:59:00,367,2,60,3,362.24,2,2
5775,18121.0,2011-07-13 12:53:00,149,3,32,4,673.1,3,2
5780,18126.0,2011-10-10 12:19:00,60,3,56,3,206.82999999999998,1,2
5781,18127.0,2011-11-20 14:05:00,19,4,69,3,561.53,2,2
5782,18128.0,2010-06-20 13:19:00,537,1,45,3,420.04,2,2
5794,18140.0,2010-08-23 11:58:00,473,1,54,3,536.41,2,2
5795,18141.0,2010-12-14 11:09:00,360,2,44,3,926.37,3,2
5796,18142.0,2011-07-11 13:34:00,151,3,18,4,1024.14,3,2
5797,18143.0,2011-08-15 12:07:00,116,3,61,3,1000.16,3,2
5804,18150.0,2011-11-07 16:49:00,32,4,37,4,566.58,2,2
5809,18155.0,2011-09-25 13:32:00,75,3,28,4,395.42,2,2
5812,18158.0,2011-11-30 16:19:00,9,5,35,4,455.05,2,2
5816,18162.0,2009-12-07 13:24:00,732,1,47,3,379.16,2,2
5817,18163.0,2010-05-28 07:56:00,560,1,38,4,818.34,3,2
5818,18164.0,2011-11-08 17:49:00,31,4,25,4,404.6,2,2
5837,18183.0,2011-05-05 17:47:00,218,2,44,3,663.62,3,2
5841,18187.0,2010-03-26 14:25:00,623,1,54,3,767.59,3,2
5844,18190.0,2011-05-31 14:48:00,192,2,43,3,755.57,3,2
5846,18192.0,2011-09-29 09:53:00,71,3,45,3,957.97,3,2
5847,18193.0,2011-07-12 10:56:00,150,3,73,3,1259.0,3,2
5856,18202.0,2011-05-24 12:12:00,199,2,68,3,1396.99,4,2
5857,18203.0,2011-07-05 13:07:00,157,3,60,3,504.42,2,2
5859,18205.0,2011-11-03 13:22:00,36,4,32,4,517.36,2,2
5865,18211.0,2011-11-14 08:10:00,25,4,42,3,600.07,2,2
5866,18212.0,2011-01-17 16:14:00,326,2,55,3,546.72,2,2
5868,18214.0,2010-06-27 11:21:00,530,1,62,3,2079.69,4,2
5870,18216.0,2011-11-08 16:55:00,31,4,26,4,481.75,2,2
5872,18218.0,2011-05-17 14:16:00,206,2,42,3,1177.7,3,2
5874,18220.0,2011-05-04 11:23:00,219,2,32,4,2071.82,4,2
5876,18222.0,2011-09-08 10:45:00,92,3,19,4,443.0,2,2
5882,18228.0,2011-10-20 19:21:00,50,4,32,4,790.6,3,2
5886,18232.0,2011-09-19 11:49:00,81,3,40,3,603.47,2,2
5894,18240.0,2011-10-24 13:06:00,46,4,6,5,422.58,2,2
5900,18246.0,2011-11-16 11:49:00,23,4,5,5,758.8199999999999,3,2
5901,18247.0,2010-10-26 11:04:00,409,2,47,3,958.03,3,2
5902,18248.0,2011-08-18 06:14:00,113,3,49,3,825.02,3,2
5909,18255.0,2011-09-11 13:16:00,89,3,19,4,303.15,2,2
5912,18258.0,2010-09-01 14:20:00,464,1,53,3,2078.37,4,2
5915,18261.0,2011-10-27 15:36:00,43,4,21,4,324.24,2,2
5916,18262.0,2011-07-22 16:04:00,140,3,42,3,577.54,2,2
5919,18265.0,2011-09-28 14:10:00,72,3,46,3,801.51,3,2
5924,18270.0,2011-11-01 13:57:00,38,4,19,4,488.75,2,2
5925,18271.0,2010-04-09 09:26:00,609,1,21,4,680.85,3,2
5927,18273.0,2011-12-07 13:16:00,2,5,4,5,357.0,2,2
5928,18274.0,2011-11-22 10:18:00,17,5,22,4,351.84,2,2
5929,18275.0,2010-05-10 15:46:00,578,1,19,4,741.85,3,2
5932,18278.0,2011-09-27 11:58:00,73,3,24,4,414.20000000000005,2,2
5940,18286.0,2010-08-20 11:57:00,476,1,70,3,1404.43,4,2
