,Customer ID,Last Invoice,Last Bought Days,Recency Score,Transaction Count,Frequency Score,Total value,Monetary Score,Cluster
0,12346.0,2011-01-18 10:17:00,325,2,48,3,155177.6,5,1
2,12348.0,2011-09-25 13:13:00,75,3,51,3,2019.4,4,1
11,12357.0,2011-11-06 16:07:00,33,4,296,1,18287.66,5,1
14,12360.0,2011-10-18 15:22:00,52,4,218,1,4292.89,5,1
23,12369.0,2010-10-22 13:13:00,413,2,93,2,1791.15,4,1
24,12370.0,2011-10-19 14:51:00,51,4,202,1,4320.31,5,1
26,12372.0,2011-09-29 12:12:00,71,3,52,3,1298.04,4,1
31,12377.0,2011-01-28 15:45:00,315,2,152,2,3426.32,5,1
32,12378.0,2011-08-02 10:34:00,129,3,301,1,5416.32,5,1
33,12379.0,2011-09-19 10:09:00,81,3,82,2,1622.17,4,1
34,12380.0,2011-11-18 11:27:00,21,4,283,1,11464.6,5,1
37,12383.0,2011-06-08 08:02:00,184,3,100,2,1861.81,4,1
47,12393.0,2011-09-28 15:41:00,72,3,112,2,2422.15,4,1
53,12399.0,2011-08-12 13:15:00,119,3,110,2,1962.3,4,1
59,12405.0,2011-07-14 08:52:00,148,3,54,3,1710.39,4,1
63,12409.0,2011-09-22 10:38:00,78,3,272,1,23748.11,5,1
66,12412.0,2011-09-26 10:16:00,74,3,131,2,2612.83,4,1
69,12415.0,2011-11-15 14:22:00,24,4,990,1,145647.45,5,1
72,12418.0,2011-08-19 11:08:00,112,3,103,2,2025.45,4,1
76,12422.0,2011-09-05 09:48:00,95,3,176,2,6344.25,5,1
78,12424.0,2011-06-30 12:06:00,162,3,97,2,3390.28,5,1
79,12425.0,2011-09-22 17:31:00,78,3,95,2,1802.01,4,1
80,12426.0,2011-05-29 12:26:00,194,2,82,2,1379.01,4,1
82,12428.0,2011-11-14 08:22:00,25,4,300,1,8035.72,5,1
85,12431.0,2011-11-04 11:55:00,35,4,413,1,10996.53,5,1
89,12435.0,2011-09-21 09:06:00,79,3,112,2,13925.93,5,1
103,12449.0,2011-11-17 13:46:00,22,4,201,1,4835.89,5,1
109,12455.0,2011-09-27 15:31:00,73,3,227,1,5879.95,5,1
112,12458.0,2011-09-29 15:25:00,71,3,84,2,1777.49,4,1
122,12468.0,2011-07-19 13:42:00,143,3,163,2,3716.93,5,1
126,12472.0,2011-11-09 11:33:00,30,4,1049,1,18804.49,5,1
131,12477.0,2011-11-17 09:51:00,22,4,572,1,20379.1,5,1
134,12480.0,2011-11-11 14:52:00,28,4,245,1,5494.6,5,1
135,12481.0,2011-11-17 08:29:00,22,4,395,1,12505.75,5,1
136,12482.0,2010-09-16 12:20:00,449,1,207,1,25489.27,5,1
138,12484.0,2011-11-07 11:37:00,32,4,484,1,6436.45,5,1
151,12497.0,2011-09-19 12:29:00,81,3,58,3,6285.25,5,1
155,12501.0,2011-01-28 13:54:00,315,2,160,2,2249.1,4,1
156,12502.0,2011-09-05 11:52:00,95,3,147,2,3723.87,5,1
161,12507.0,2011-07-28 17:09:00,134,3,51,3,1890.81,4,1
164,12510.0,2011-07-20 10:15:00,142,3,154,2,6666.71,5,1
165,12511.0,2010-10-21 10:58:00,414,1,194,1,3102.27,5,1
168,12514.0,2011-03-17 16:38:00,267,2,84,2,1597.76,4,1
170,12516.0,2011-09-23 09:13:00,77,3,74,3,2648.62,4,1
174,12520.0,2011-09-21 15:23:00,79,3,155,2,2686.01,4,1
184,12530.0,2011-10-11 12:34:00,59,3,162,2,3828.66,5,1
187,12533.0,2010-03-31 10:24:00,618,1,90,2,1585.79,4,1
193,12539.0,2011-11-17 13:30:00,22,4,505,1,12930.6,5,1
194,12540.0,2011-11-20 11:31:00,19,4,775,1,22401.69,5,1
221,12567.0,2011-11-17 11:02:00,22,4,658,1,14025.9,5,1
232,12578.0,2011-11-18 13:30:00,21,4,181,1,4712.45,5,1
236,12582.0,2011-04-15 08:45:00,238,2,103,2,1980.4,4,1
239,12585.0,2011-04-19 13:39:00,234,2,97,2,2097.39,4,1
243,12589.0,2011-11-11 10:19:00,28,4,212,1,6297.15,5,1
244,12590.0,2011-06-02 14:25:00,190,3,72,3,9875.04,5,1
246,12592.0,2011-09-08 15:04:00,92,3,84,2,4012.7,5,1
248,12594.0,2011-11-02 12:20:00,37,4,202,1,5135.71,5,1
251,12597.0,2011-11-20 13:33:00,19,4,214,1,3939.31,5,1
261,12607.0,2011-10-12 16:17:00,58,4,202,1,3159.02,5,1
263,12609.0,2011-09-22 16:34:00,78,3,176,2,3453.86,5,1
267,12613.0,2011-11-08 13:30:00,31,4,347,1,7078.62,5,1
277,12623.0,2011-03-08 13:50:00,276,2,176,2,3855.84,5,1
279,12625.0,2011-05-12 09:54:00,211,2,188,1,5234.38,5,1
280,12626.0,2011-11-16 16:06:00,23,4,307,1,6852.61,5,1
285,12631.0,2011-10-13 13:53:00,57,4,186,1,3510.87,5,1
287,12633.0,2011-10-12 11:40:00,58,4,313,1,5761.11,5,1
289,12635.0,2011-09-11 11:04:00,89,3,179,2,2930.41,4,1
291,12637.0,2011-10-03 13:46:00,67,3,639,1,8408.96,5,1
297,12643.0,2011-08-03 12:56:00,128,3,56,3,8819.94,5,1
298,12644.0,2011-08-02 10:33:00,129,3,123,2,2021.44,4,1
301,12647.0,2011-11-17 12:56:00,22,4,574,1,18165.91,5,1
303,12649.0,2011-08-24 14:41:00,107,3,124,2,2350.6,4,1
307,12653.0,2011-07-14 10:41:00,148,3,86,2,4160.83,5,1
323,12669.0,2011-07-12 09:54:00,150,3,102,2,3880.33,5,1
332,12678.0,2011-10-28 13:04:00,42,4,381,1,34711.23,5,1
341,12687.0,2010-08-16 12:12:00,480,1,126,2,2138.91,4,1
342,12688.0,2011-08-18 08:49:00,113,3,171,2,4873.8099999999995,5,1
347,12693.0,2011-08-11 09:16:00,120,3,83,2,1765.6200000000001,4,1
348,12694.0,2011-09-30 13:06:00,70,3,84,2,1847.25,4,1
355,12701.0,2011-09-21 10:47:00,79,3,147,2,2446.41,4,1
357,12703.0,2011-10-06 19:23:00,64,3,84,2,1120.88,3,1
362,12708.0,2011-11-10 09:52:00,29,4,336,1,5510.04,5,1
364,12710.0,2011-09-04 12:00:00,96,3,79,2,1167.47,3,1
366,12712.0,2011-11-17 09:15:00,22,4,294,1,7407.66,5,1
371,12717.0,2011-07-11 14:51:00,151,3,72,3,1358.91,4,1
375,12721.0,2011-11-08 12:13:00,31,4,254,1,4119.48,5,1
379,12725.0,2010-12-03 15:45:00,371,2,130,2,2694.56,4,1
385,12731.0,2011-11-16 11:59:00,23,4,396,1,25878.21,5,1
387,12733.0,2011-04-19 16:19:00,234,2,162,2,2522.92,4,1
393,12739.0,2011-09-22 13:00:00,78,3,89,2,2726.73,4,1
398,12744.0,2011-10-19 11:18:00,51,4,346,1,37475.96,5,1
406,12752.0,2011-09-19 13:32:00,81,3,53,3,4366.78,5,1
409,12755.0,2011-04-04 10:12:00,249,2,117,2,11654.97,5,1
412,12758.0,2011-08-15 10:22:00,116,3,317,1,10027.48,5,1
413,12759.0,2011-10-18 14:49:00,52,4,302,1,5020.74,5,1
433,12779.0,2011-11-18 17:10:00,21,4,295,1,7037.78,5,1
456,12802.0,2011-06-09 09:44:00,183,3,140,2,2482.42,4,1
463,12809.0,2011-06-24 15:15:00,168,3,89,2,1806.54,4,1
477,12823.0,2011-09-26 07:35:00,74,3,18,4,6501.5,5,1
489,12835.0,2010-10-17 16:35:00,418,1,630,1,6067.95,5,1
490,12836.0,2011-10-11 15:10:00,59,3,418,1,6624.77,5,1
491,12837.0,2011-06-19 16:07:00,173,3,92,2,688.41,3,1
492,12838.0,2011-11-06 12:20:00,33,4,427,1,3420.93,5,1
494,12840.0,2011-07-19 09:29:00,143,3,181,1,4070.07,5,1
496,12842.0,2011-09-30 15:33:00,70,3,48,3,1917.99,4,1
497,12843.0,2011-10-05 12:09:00,65,3,230,1,6831.21,5,1
507,12853.0,2011-08-24 11:00:00,107,3,157,2,4086.5,5,1
508,12854.0,2011-09-22 12:15:00,78,3,275,1,3065.67,4,1
511,12857.0,2011-05-13 10:20:00,210,2,122,2,3691.75,5,1
519,12865.0,2011-11-13 14:31:00,26,4,196,1,3343.63,5,1
521,12867.0,2011-11-13 15:30:00,26,4,1076,1,7963.89,5,1
522,12868.0,2011-06-07 10:42:00,185,3,146,2,2247.06,4,1
524,12870.0,2010-12-08 14:27:00,366,2,97,2,1706.75,4,1
526,12872.0,2011-01-17 10:52:00,326,2,438,1,3692.64,5,1
540,12886.0,2011-10-03 10:09:00,67,3,86,2,1405.71,4,1
565,12911.0,2010-06-06 12:13:00,551,1,248,1,1680.47,4,1
569,12915.0,2011-07-14 11:34:00,148,3,81,2,1264.65,4,1
570,12916.0,2011-07-24 10:35:00,138,3,186,1,4677.82,5,1
571,12917.0,2011-08-03 16:42:00,128,3,53,3,4388.9,5,1
578,12924.0,2011-09-12 13:55:00,88,3,76,3,2515.65,4,1
580,12926.0,2010-10-24 15:57:00,411,2,274,1,1548.46,4,1
585,12931.0,2011-11-18 12:39:00,21,4,282,1,113395.01,5,1
586,12932.0,2010-06-18 14:22:00,539,1,95,2,1698.56,4,1
593,12939.0,2011-10-06 14:33:00,64,3,86,2,25264.8,5,1
596,12942.0,2011-07-31 14:39:00,131,3,91,2,942.65,3,1
601,12947.0,2011-07-19 10:06:00,143,3,120,2,2104.73,4,1
603,12949.0,2011-11-09 11:25:00,30,4,725,1,15662.4,5,1
619,12965.0,2011-09-11 15:31:00,89,3,109,2,771.91,3,1
629,12975.0,2010-10-05 19:03:00,430,1,118,2,2206.19,4,1
630,12976.0,2011-05-12 09:55:00,211,2,154,2,3156.38,5,1
632,12978.0,2010-11-19 14:29:00,385,2,164,2,2509.57,4,1
634,12980.0,2011-07-07 11:42:00,155,3,59,3,16582.170000000002,5,1
636,12982.0,2011-04-14 10:49:00,239,2,214,1,2927.5,4,1
640,12986.0,2010-11-02 11:01:00,402,2,142,2,3468.09,5,1
641,12987.0,2011-09-27 12:03:00,73,3,68,3,1325.91,4,1
669,13015.0,2011-10-17 13:19:00,53,4,359,1,6707.12,5,1
677,13023.0,2011-10-06 16:27:00,64,3,76,3,1449.03,4,1
681,13027.0,2011-08-18 09:39:00,113,3,90,2,17522.4,5,1
685,13031.0,2010-10-28 15:34:00,407,2,435,1,3419.27,5,1
691,13037.0,2011-07-24 15:46:00,138,3,241,1,3987.35,5,1
696,13042.0,2010-05-04 13:10:00,584,1,200,1,1590.29,4,1
698,13044.0,2011-02-21 15:20:00,291,2,421,1,4883.6,5,1
701,13047.0,2011-11-08 12:10:00,31,4,442,1,9123.6,5,1
706,13052.0,2011-05-11 14:12:00,212,2,253,1,3168.53,5,1
709,13055.0,2011-10-06 18:57:00,64,3,158,2,2349.71,4,1
713,13059.0,2011-04-04 10:40:00,249,2,205,1,2333.7200000000003,4,1
736,13082.0,2011-08-05 16:16:00,126,3,134,2,7402.58,5,1
739,13085.0,2011-07-05 12:11:00,157,3,92,2,3407.1,5,1
746,13092.0,2011-09-30 11:18:00,70,3,115,2,2273.23,4,1
747,13093.0,2011-03-17 17:16:00,267,2,1111,1,55813.57,5,1
751,13097.0,2011-11-07 10:43:00,32,4,1042,1,13916.710000000001,5,1
761,13107.0,2011-10-26 14:52:00,44,4,189,1,5396.52,5,1
778,13124.0,2011-09-11 12:45:00,89,3,298,1,4782.45,5,1
788,13134.0,2011-09-28 09:22:00,72,3,128,2,2528.18,4,1
790,13136.0,2011-10-20 19:13:00,50,4,345,1,6471.32,5,1
794,13140.0,2011-08-23 15:33:00,108,3,122,2,1215.68,3,1
795,13141.0,2011-09-16 09:54:00,84,3,431,1,7800.53,5,1
802,13148.0,2011-11-10 15:23:00,29,4,841,1,9120.02,5,1
805,13151.0,2011-05-20 12:55:00,203,2,182,1,2649.79,4,1
806,13152.0,2010-10-18 13:44:00,417,1,138,2,2177.78,4,1
808,13154.0,2011-07-18 15:21:00,144,3,97,2,2252.25,4,1
810,13156.0,2010-11-19 13:09:00,385,2,104,2,1586.54,4,1
811,13157.0,2011-10-21 13:50:00,49,4,253,1,5707.01,5,1
812,13158.0,2011-09-06 11:58:00,94,3,100,2,1508.18,4,1
816,13162.0,2011-08-09 15:59:00,122,3,243,1,9434.04,5,1
832,13178.0,2011-11-13 16:14:00,26,4,696,1,14120.49,5,1
846,13192.0,2011-09-05 14:13:00,95,3,165,2,2572.63,4,1
860,13206.0,2010-11-04 16:50:00,400,2,584,1,8474.51,5,1
863,13209.0,2011-11-09 13:54:00,30,4,374,1,8580.96,5,1
867,13213.0,2011-10-14 11:42:00,56,4,209,1,3868.42,5,1
868,13214.0,2010-10-18 10:00:00,417,1,229,1,3264.23,5,1
874,13220.0,2011-09-22 13:38:00,78,3,53,3,1336.0900000000001,4,1
878,13224.0,2011-10-10 15:00:00,60,3,109,2,2161.05,4,1
893,13239.0,2011-03-23 10:25:00,261,2,95,2,1609.54,4,1
894,13240.0,2011-09-04 14:08:00,96,3,232,1,1815.8700000000001,4,1
897,13243.0,2011-05-20 13:14:00,203,2,220,1,1278.04,4,1
907,13253.0,2011-07-06 10:09:00,156,3,75,3,2951.11,4,1
913,13259.0,2011-10-09 10:48:00,61,3,324,1,1433.38,4,1
930,13276.0,2011-10-07 12:44:00,63,3,251,1,1959.96,4,1
934,13280.0,2011-08-09 13:14:00,122,3,211,1,2348.13,4,1
939,13285.0,2011-11-16 13:19:00,23,4,231,1,3364.59,5,1
945,13291.0,2011-07-07 10:36:00,155,3,328,1,3320.84,5,1
948,13294.0,2011-06-03 08:54:00,189,3,102,2,1689.53,4,1
954,13300.0,2011-06-28 11:59:00,164,3,58,3,1303.81,4,1
958,13304.0,2010-12-23 14:35:00,351,2,87,2,1315.19,4,1
967,13313.0,2011-11-17 16:48:00,22,4,191,1,3467.37,5,1
971,13317.0,2011-10-06 19:21:00,64,3,381,1,6903.651,5,1
974,13320.0,2011-09-30 12:52:00,70,3,155,2,2295.25,4,1
981,13327.0,2011-11-01 10:21:00,38,4,346,1,10017.93,5,1
984,13330.0,2011-09-08 12:27:00,92,3,118,2,2806.18,4,1
988,13334.0,2011-09-18 15:21:00,82,3,481,1,6270.5,5,1
991,13337.0,2010-07-09 11:53:00,518,1,90,2,1601.97,4,1
992,13338.0,2011-07-08 14:53:00,154,3,146,2,2667.62,4,1
994,13340.0,2011-10-25 13:15:00,45,4,215,1,22100.56,5,1
998,13344.0,2011-10-03 09:45:00,67,3,119,2,2543.72,4,1
1011,13357.0,2011-03-27 13:56:00,257,2,399,1,3838.36,5,1
1024,13370.0,2010-12-08 15:57:00,366,2,88,2,1576.8400000000001,4,1
1025,13371.0,2010-07-29 12:44:00,498,1,95,2,2323.86,4,1
1027,13373.0,2011-10-10 10:51:00,60,3,358,1,7587.1900000000005,5,1
1029,13375.0,2011-09-19 16:01:00,81,3,72,3,1797.98,4,1
1031,13377.0,2010-11-08 12:20:00,396,2,81,2,1610.33,4,1
1035,13381.0,2011-11-18 16:59:00,21,4,361,1,8263.72,5,1
1036,13382.0,2011-03-04 10:03:00,280,2,86,2,1387.58,4,1
1038,13384.0,2011-11-09 11:04:00,30,4,271,1,6726.57,5,1
1049,13395.0,2011-06-07 15:04:00,185,3,81,2,1180.23,3,1
1051,13397.0,2011-09-28 10:56:00,72,3,93,2,3289.63,5,1
1056,13402.0,2011-08-04 15:51:00,127,3,96,2,1535.13,4,1
1061,13407.0,2010-05-10 12:41:00,578,1,92,2,2377.51,4,1
1068,13414.0,2011-07-29 11:45:00,133,3,57,3,2506.04,4,1
1075,13421.0,2011-10-30 14:21:00,40,4,275,1,4117.42,5,1
1079,13425.0,2011-08-23 17:13:00,108,3,181,1,3431.33,5,1
1085,13431.0,2011-10-03 13:49:00,67,3,130,2,3343.24,5,1
1097,13443.0,2010-09-17 12:31:00,448,1,205,1,1312.6100000000001,4,1
1100,13446.0,2010-10-15 15:37:00,420,1,214,1,4154.92,5,1
1105,13451.0,2011-11-13 15:58:00,26,4,1044,1,7261.87,5,1
1127,13473.0,2011-10-10 11:20:00,60,3,72,3,2904.54,4,1
1129,13475.0,2011-06-01 13:52:00,191,2,86,2,1431.78,4,1
1130,13476.0,2011-06-14 12:00:00,178,3,109,2,2207.17,4,1
1132,13478.0,2010-08-27 13:23:00,469,1,131,2,2363.53,4,1
1135,13481.0,2011-10-25 09:07:00,45,4,228,1,3862.84,5,1
1139,13485.0,2011-04-20 13:58:00,233,2,162,2,3080.52,5,1
1145,13491.0,2011-10-19 08:32:00,51,4,268,1,4566.56,5,1
1146,13492.0,2011-07-26 14:25:00,136,3,50,3,1269.84,4,1
1155,13501.0,2011-04-11 09:35:00,242,2,116,2,2929.96,4,1
1157,13503.0,2011-09-29 13:23:00,71,3,210,1,2017.24,4,1
1159,13505.0,2011-10-03 12:14:00,67,3,227,1,4504.38,5,1
1160,13506.0,2011-01-31 15:27:00,312,2,103,2,1668.75,4,1
1169,13515.0,2011-09-28 11:26:00,72,3,76,3,1265.82,4,1
1171,13517.0,2011-10-11 11:43:00,59,3,143,2,2147.77,4,1
1174,13520.0,2011-10-12 10:20:00,58,4,212,1,7138.15,5,1
1177,13523.0,2011-11-06 15:11:00,33,4,236,1,5311.02,5,1
1181,13527.0,2011-11-06 12:04:00,33,4,459,1,4717.4400000000005,5,1
1185,13531.0,2011-05-18 16:56:00,205,2,90,2,1738.52,4,1
1193,13539.0,2011-09-15 10:18:00,85,3,88,2,1607.46,4,1
1196,13542.0,2010-11-28 11:24:00,376,2,340,1,4041.57,5,1
1202,13548.0,2011-09-04 14:50:00,96,3,187,1,908.99,3,1
1206,13552.0,2011-10-04 15:19:00,66,3,227,1,7339.21,5,1
1208,13554.0,2010-11-24 15:05:00,380,2,211,1,1720.17,4,1
1209,13555.0,2011-09-27 12:36:00,73,3,413,1,9092.04,5,1
1211,13557.0,2011-11-11 15:24:00,28,4,183,1,3084.44,5,1
1215,13561.0,2011-05-08 12:39:00,215,2,233,1,1820.72,4,1
1216,13562.0,2011-09-19 10:51:00,81,3,196,1,4838.18,5,1
1218,13564.0,2011-07-18 14:35:00,144,3,1318,1,18712.38,5,1
1221,13567.0,2010-10-07 12:51:00,428,1,204,1,1088.79,3,1
1237,13583.0,2011-07-07 10:40:00,155,3,96,2,1445.031,4,1
1245,13591.0,2011-10-06 12:26:00,64,3,102,2,2106.69,4,1
1247,13593.0,2011-08-23 13:35:00,108,3,412,1,5572.17,5,1
1265,13611.0,2011-09-11 14:51:00,89,3,236,1,3358.03,5,1
1269,13615.0,2011-01-31 11:29:00,312,2,376,1,6332.83,5,1
1281,13627.0,2011-10-11 14:20:00,59,3,132,2,2274.25,4,1
1286,13632.0,2011-11-15 10:51:00,24,4,224,1,3661.6,5,1
1288,13634.0,2011-11-06 13:40:00,33,4,478,1,5627.39,5,1
1289,13635.0,2011-10-03 10:55:00,67,3,167,2,3050.1,4,1
1293,13639.0,2011-09-26 13:36:00,74,3,59,3,1346.27,4,1
1302,13648.0,2010-11-04 14:46:00,400,2,113,2,1849.03,4,1
1303,13649.0,2011-03-28 11:51:00,256,2,126,2,1678.88,4,1
1308,13654.0,2011-10-27 16:24:00,43,4,329,1,6308.0,5,1
1309,13655.0,2011-08-17 14:25:00,114,3,123,2,2301.7200000000003,4,1
1310,13656.0,2011-06-28 10:31:00,164,3,90,2,1104.35,3,1
1313,13659.0,2011-05-26 19:56:00,197,2,289,1,5073.13,5,1
1316,13662.0,2011-09-15 12:04:00,85,3,148,2,2317.09,4,1
1317,13663.0,2011-06-13 15:44:00,179,3,101,2,2081.41,4,1
1319,13665.0,2010-11-18 13:06:00,386,2,106,2,1711.6599999999999,4,1
1341,13687.0,2010-09-27 16:30:00,438,1,45,3,11880.84,5,1
1347,13693.0,2011-01-18 15:23:00,325,2,112,2,2075.32,4,1
1361,13707.0,2011-03-17 18:03:00,267,2,155,2,3365.86,5,1
1365,13711.0,2011-05-05 10:31:00,218,2,103,2,1951.91,4,1
1369,13715.0,2011-03-03 19:21:00,281,2,540,1,8528.24,5,1
1376,13722.0,2011-08-11 15:26:00,120,3,190,1,5641.66,5,1
1389,13735.0,2011-11-15 11:14:00,24,4,683,1,10153.63,5,1
1394,13740.0,2011-04-13 10:32:00,240,2,95,2,1597.77,4,1
1402,13748.0,2011-09-05 09:45:00,95,3,59,3,2268.35,4,1
1406,13752.0,2011-08-07 14:16:00,124,3,95,2,1590.73,4,1
1407,13753.0,2011-02-25 12:48:00,287,2,80,2,2094.57,4,1
1417,13763.0,2011-10-07 15:13:00,63,3,53,3,5252.89,5,1
1418,13764.0,2011-09-30 12:03:00,70,3,376,1,2953.26,4,1
1425,13771.0,2011-10-06 14:18:00,64,3,217,1,5731.57,5,1
1426,13772.0,2011-11-06 11:43:00,33,4,577,1,3133.72,5,1
1440,13786.0,2010-12-07 13:53:00,367,2,126,2,3981.47,5,1
1441,13787.0,2011-09-25 12:06:00,75,3,94,2,1271.3,4,1
1453,13799.0,2011-08-15 12:07:00,116,3,116,2,3567.32,5,1
1456,13802.0,2011-07-24 13:26:00,138,3,457,1,27026.66,5,1
1457,13803.0,2011-03-29 12:57:00,255,2,79,2,1358.71,4,1
1469,13815.0,2011-11-17 14:19:00,22,4,361,1,7665.69,5,1
1473,13819.0,2011-02-11 10:38:00,301,2,104,2,2653.6,4,1
1475,13821.0,2011-07-18 09:49:00,144,3,210,1,1434.43,4,1
1496,13842.0,2011-10-12 10:51:00,58,4,358,1,5654.86,5,1
1503,13849.0,2011-10-19 10:59:00,51,4,221,1,3494.8,5,1
1504,13850.0,2011-09-12 18:00:00,88,3,94,2,1604.15,4,1
1505,13851.0,2011-09-05 12:36:00,95,3,141,2,4696.16,5,1
1523,13869.0,2011-08-08 13:53:00,123,3,860,1,8111.57,5,1
1525,13871.0,2011-11-17 10:49:00,22,4,409,1,7966.75,5,1
1529,13875.0,2011-10-17 09:36:00,53,4,270,1,4814.37,5,1
1534,13880.0,2011-11-18 13:44:00,21,4,229,1,4391.66,5,1
1542,13888.0,2011-08-12 10:13:00,119,3,184,1,2169.05,4,1
1543,13889.0,2011-09-08 09:13:00,92,3,90,2,2126.73,4,1
1549,13895.0,2011-11-18 17:15:00,21,4,188,1,4093.42,5,1
1554,13900.0,2011-06-09 19:26:00,183,3,96,2,1613.09,4,1
1555,13901.0,2011-09-28 14:48:00,72,3,318,1,5753.34,5,1
1556,13902.0,2010-03-17 13:09:00,632,1,67,3,37779.26,5,1
1562,13908.0,2011-09-21 11:49:00,79,3,126,2,2392.05,4,1
1565,13911.0,2011-10-13 15:43:00,57,4,242,1,4269.94,5,1
1574,13920.0,2010-10-04 12:37:00,431,1,88,2,1814.48,4,1
1583,13929.0,2011-06-23 15:26:00,169,3,60,3,3670.1,5,1
1585,13931.0,2011-09-15 10:03:00,85,3,272,1,5263.9800000000005,5,1
1589,13935.0,2010-04-22 11:21:00,596,1,80,2,6116.92,5,1
1600,13946.0,2011-09-21 13:33:00,79,3,57,3,2007.03,4,1
1606,13952.0,2011-05-12 19:27:00,211,2,413,1,12856.151,5,1
1612,13958.0,2010-12-02 17:03:00,372,2,250,1,5016.13,5,1
1613,13959.0,2011-09-21 15:06:00,79,3,163,2,1076.18,3,1
1617,13963.0,2011-02-04 14:43:00,308,2,176,2,3124.12,5,1
1629,13975.0,2011-11-08 13:19:00,31,4,755,1,5390.39,5,1
1633,13979.0,2011-09-27 13:32:00,73,3,412,1,3505.63,5,1
1636,13982.0,2011-10-31 16:24:00,39,4,265,1,4472.39,5,1
1637,13983.0,2011-11-10 11:06:00,29,4,359,1,7223.49,5,1
1642,13988.0,2011-11-20 10:15:00,19,4,300,1,4806.96,5,1
1643,13989.0,2011-10-05 09:47:00,65,3,86,2,2026.06,4,1
1647,13993.0,2011-11-07 13:00:00,32,4,267,1,6861.06,5,1
1658,14004.0,2011-10-27 14:40:00,43,4,241,1,6258.45,5,1
1660,14006.0,2011-08-16 09:39:00,115,3,77,3,2196.67,4,1
1668,14014.0,2011-09-23 13:18:00,77,3,76,3,1948.21,4,1
1670,14016.0,2011-07-08 14:27:00,154,3,450,1,11427.11,5,1
1675,14021.0,2011-07-07 15:46:00,155,3,90,2,1716.58,4,1
1679,14025.0,2010-09-01 10:11:00,464,1,102,2,4146.7,5,1
1691,14037.0,2011-06-16 13:57:00,176,3,115,2,917.95,3,1
1692,14038.0,2011-09-22 13:37:00,78,3,168,2,3138.83,5,1
1694,14040.0,2011-10-30 12:42:00,40,4,808,1,12833.3,5,1
1698,14044.0,2011-11-13 12:05:00,26,4,852,1,3140.05,5,1
1699,14045.0,2011-08-22 15:27:00,109,3,43,3,12965.43,5,1
1711,14057.0,2011-11-16 10:32:00,23,4,461,1,8479.4,5,1
1717,14063.0,2010-10-05 11:52:00,430,1,44,3,49187.6,5,1
1718,14064.0,2011-11-10 13:14:00,29,4,252,1,3625.09,5,1
1722,14068.0,2011-01-23 16:02:00,320,2,112,2,1551.77,4,1
1732,14078.0,2011-08-30 12:16:00,101,3,163,2,1692.6299999999999,4,1
1735,14081.0,2011-03-17 14:24:00,267,2,951,1,5490.15,5,1
1755,14101.0,2011-09-27 12:28:00,73,3,91,2,9981.73,5,1
1758,14104.0,2011-07-08 12:50:00,154,3,143,2,771.5799999999999,3,1
1759,14105.0,2011-09-15 16:13:00,85,3,293,1,6273.68,5,1
1761,14107.0,2011-10-19 12:12:00,51,4,239,1,4900.9,5,1
1766,14112.0,2011-11-17 12:30:00,22,4,358,1,6144.67,5,1
1781,14127.0,2011-08-09 10:49:00,122,3,117,2,1900.0800000000002,4,1
1784,14130.0,2011-01-24 16:05:00,319,2,224,1,1882.67,4,1
1788,14134.0,2010-11-22 12:26:00,382,2,180,2,11123.35,5,1
1790,14136.0,2010-11-04 11:53:00,400,2,108,2,1587.66,4,1
1806,14152.0,2011-09-25 12:54:00,75,3,135,2,2019.24,4,1
1808,14154.0,2011-04-14 16:26:00,239,2,294,1,6657.8,5,1
1813,14159.0,2011-11-20 12:36:00,19,4,1885,1,8304.14,5,1
1814,14160.0,2010-04-08 14:30:00,610,1,107,2,8421.47,5,1
1815,14161.0,2011-05-08 11:41:00,215,2,310,1,3318.88,5,1
1817,14163.0,2011-09-13 15:18:00,87,3,58,3,2594.62,4,1
1829,14175.0,2011-10-19 13:42:00,51,4,369,1,8007.32,5,1
1831,14177.0,2011-09-16 09:52:00,84,3,211,1,2234.29,4,1
1840,14186.0,2010-10-08 13:30:00,427,1,104,2,1550.63,4,1
1864,14210.0,2011-09-09 12:55:00,91,3,336,1,5908.72,5,1
1865,14211.0,2011-10-17 13:23:00,53,4,253,1,4502.89,5,1
1875,14221.0,2011-10-28 13:42:00,42,4,349,1,6528.39,5,1
1878,14224.0,2011-08-21 13:24:00,110,3,238,1,1897.9,4,1
1879,14225.0,2010-10-01 10:32:00,434,1,91,2,2058.92,4,1
1881,14227.0,2011-11-13 15:48:00,26,4,388,1,6410.11,5,1
1885,14231.0,2011-06-13 15:35:00,179,3,73,3,1339.27,4,1
1890,14236.0,2011-09-20 09:13:00,80,3,52,3,1756.54,4,1
1893,14239.0,2011-10-27 14:40:00,43,4,215,1,4322.62,5,1
1899,14245.0,2011-06-16 14:33:00,176,3,112,2,1709.42,4,1
1900,14246.0,2011-08-21 11:50:00,110,3,75,3,1474.06,4,1
1903,14249.0,2010-10-25 12:34:00,410,2,291,1,5625.461,5,1
1910,14256.0,2011-03-30 16:39:00,254,2,139,2,2550.64,4,1
1911,14257.0,2011-10-19 13:38:00,51,4,241,1,5966.900000000001,5,1
1918,14264.0,2011-07-08 10:20:00,154,3,84,2,1573.3600000000001,4,1
1919,14265.0,2011-08-22 13:32:00,109,3,79,2,1373.35,4,1
1921,14267.0,2011-07-12 11:11:00,150,3,68,3,1773.29,4,1
1930,14276.0,2011-09-12 17:49:00,88,3,144,2,2276.04,4,1
1940,14286.0,2011-11-16 10:34:00,23,4,510,1,8562.82,5,1
1955,14301.0,2011-08-24 09:04:00,107,3,60,3,2028.13,4,1
1958,14304.0,2011-05-01 11:50:00,222,2,99,2,1926.21,4,1
1959,14305.0,2011-09-29 15:29:00,71,3,110,2,1914.16,4,1
1961,14307.0,2011-09-12 09:38:00,88,3,311,1,5078.98,5,1
1974,14320.0,2011-05-17 09:24:00,206,2,93,2,1489.38,4,1
1981,14327.0,2011-06-29 13:58:00,163,3,106,2,1894.93,4,1
1995,14341.0,2011-10-25 15:48:00,45,4,268,1,4491.17,5,1
1997,14343.0,2010-10-14 13:05:00,421,1,238,1,1088.91,3,1
1998,14344.0,2011-08-04 13:51:00,127,3,243,1,3333.7000000000003,5,1
2000,14346.0,2011-08-11 09:47:00,120,3,146,2,2315.75,4,1
2018,14364.0,2011-08-23 11:01:00,108,3,69,3,3717.35,5,1
2029,14375.0,2011-06-07 13:44:00,185,3,216,1,1132.99,3,1
2050,14396.0,2011-10-05 16:09:00,65,3,291,1,2121.93,4,1
2053,14399.0,2010-11-10 13:23:00,394,2,196,1,2128.16,4,1
2054,14400.0,2011-07-21 18:05:00,141,3,77,3,1761.94,4,1
2061,14407.0,2011-08-24 14:02:00,107,3,76,3,2204.38,4,1
2063,14409.0,2011-09-29 18:18:00,71,3,108,2,4058.4900000000002,5,1
2068,14414.0,2011-09-09 12:09:00,91,3,119,2,2411.18,4,1
2074,14420.0,2011-09-15 16:57:00,85,3,97,2,1650.62,4,1
2085,14431.0,2011-02-14 10:56:00,298,2,86,2,2686.8,4,1
2093,14439.0,2011-01-24 11:39:00,319,2,129,2,9443.04,5,1
2105,14451.0,2011-10-10 13:38:00,60,3,529,1,3351.95,5,1
2113,14459.0,2011-07-07 13:35:00,155,3,114,2,5412.341,5,1
2114,14460.0,2011-08-21 14:19:00,110,3,48,3,1267.4,4,1
2115,14461.0,2011-07-14 17:11:00,148,3,649,1,6729.4,5,1
2116,14462.0,2011-10-07 09:22:00,63,3,295,1,2308.13,4,1
2119,14465.0,2011-04-07 12:38:00,246,2,200,1,3946.03,5,1
2120,14466.0,2011-11-10 14:07:00,29,4,216,1,4646.9,5,1
2123,14469.0,2010-10-19 14:30:00,416,1,147,2,2112.21,4,1
2126,14472.0,2011-08-28 11:01:00,103,3,333,1,2228.22,4,1
2129,14475.0,2011-09-29 10:46:00,71,3,53,3,1277.18,4,1
2133,14479.0,2011-03-31 09:07:00,253,2,149,2,1299.11,4,1
2135,14481.0,2011-06-28 10:38:00,164,3,153,2,2687.66,4,1
2143,14489.0,2011-05-16 14:51:00,207,2,100,2,1574.93,4,1
2144,14490.0,2010-10-29 15:04:00,406,2,80,2,1273.47,4,1
2146,14492.0,2010-10-05 13:21:00,430,1,104,2,2269.46,4,1
2150,14496.0,2011-02-01 09:01:00,311,2,114,2,2690.58,4,1
2152,14498.0,2011-10-28 12:09:00,42,4,371,1,3911.27,5,1
2161,14507.0,2011-11-16 12:21:00,23,4,277,1,3396.37,5,1
2166,14512.0,2011-06-05 12:39:00,187,3,80,2,1223.47,3,1
2168,14514.0,2011-10-09 16:05:00,61,3,341,1,4603.2300000000005,5,1
2183,14529.0,2011-10-10 15:27:00,60,3,229,1,620.04,2,1
2184,14530.0,2011-11-14 10:38:00,25,4,489,1,6317.65,5,1
2186,14532.0,2011-04-17 13:05:00,236,2,319,1,3871.9300000000003,5,1
2189,14535.0,2011-10-11 16:24:00,59,3,852,1,6188.83,5,1
2192,14538.0,2011-10-06 10:31:00,64,3,52,3,1370.8400000000001,4,1
2202,14548.0,2011-07-12 12:19:00,150,3,113,2,2627.49,4,1
2210,14556.0,2010-04-22 14:57:00,596,1,203,1,835.34,3,1
2218,14564.0,2010-10-08 14:20:00,427,1,113,2,2691.92,4,1
2219,14565.0,2011-09-05 12:37:00,95,3,162,2,3884.57,5,1
2227,14573.0,2011-06-13 11:15:00,179,3,404,1,2671.12,4,1
2238,14584.0,2011-06-23 18:33:00,169,3,222,1,1760.91,4,1
2244,14590.0,2010-10-11 12:06:00,424,1,218,1,3128.95,5,1
2247,14593.0,2011-11-18 12:48:00,21,4,629,1,3808.85,5,1
2279,14625.0,2011-06-07 15:40:00,185,3,277,1,4604.2300000000005,5,1
2282,14628.0,2011-09-09 14:58:00,91,3,86,2,1998.0,4,1
2288,14634.0,2010-09-28 10:40:00,437,1,118,2,2277.1,4,1
2293,14639.0,2011-10-18 15:06:00,52,4,295,1,5011.11,5,1
2297,14643.0,2011-06-22 14:41:00,170,3,65,3,1705.0900000000001,4,1
2302,14648.0,2010-11-01 11:17:00,403,2,465,1,4635.51,5,1
2305,14651.0,2011-10-03 15:52:00,67,3,288,1,2034.1200000000001,4,1
2310,14656.0,2011-06-23 13:51:00,169,3,215,1,814.65,3,1
2319,14665.0,2011-10-10 11:54:00,60,3,159,2,3326.9700000000003,5,1
2323,14669.0,2011-04-12 11:43:00,241,2,395,1,3243.93,5,1
2324,14670.0,2011-03-04 14:13:00,280,2,188,1,602.0,2,1
2334,14680.0,2011-11-14 16:59:00,25,4,1458,1,60024.2,5,1
2336,14682.0,2011-06-05 12:12:00,187,3,86,2,1514.81,4,1
2339,14685.0,2010-05-12 13:08:00,576,1,204,1,4915.27,5,1
2340,14686.0,2010-10-21 18:31:00,414,1,236,1,893.78,3,1
2341,14687.0,2011-08-25 11:59:00,106,3,40,3,1402.06,4,1
2346,14692.0,2011-07-25 15:08:00,137,3,164,2,1754.59,4,1
2349,14695.0,2010-07-08 14:18:00,519,1,95,2,1687.57,4,1
2383,14729.0,2010-12-01 12:43:00,373,2,208,1,907.38,3,1
2394,14740.0,2011-06-01 15:17:00,191,2,238,1,4253.26,5,1
2399,14745.0,2011-08-19 10:05:00,112,3,147,2,2652.16,4,1
2402,14748.0,2011-11-10 18:33:00,29,4,220,1,3632.39,5,1
2412,14758.0,2011-07-18 08:21:00,144,3,136,2,2864.97,4,1
2424,14770.0,2011-04-21 14:21:00,232,2,198,1,3650.39,5,1
2430,14776.0,2011-10-19 15:34:00,51,4,211,1,4077.58,5,1
2454,14800.0,2011-10-23 12:46:00,47,4,666,1,8133.05,5,1
2462,14808.0,2011-10-31 12:21:00,39,4,256,1,3306.97,5,1
2471,14817.0,2011-05-23 13:35:00,200,2,234,1,4030.5099999999998,5,1
2472,14818.0,2011-09-27 11:01:00,73,3,107,2,1170.41,3,1
2482,14828.0,2011-05-27 10:16:00,196,2,102,2,9875.460000000001,5,1
2485,14831.0,2010-05-14 14:23:00,574,1,90,2,1729.17,4,1
2491,14837.0,2011-09-11 10:58:00,89,3,213,1,3474.82,5,1
2495,14841.0,2011-10-17 15:03:00,53,4,300,1,7163.0,5,1
2498,14844.0,2011-10-07 10:41:00,63,3,279,1,6716.43,5,1
2501,14847.0,2011-07-14 10:52:00,148,3,65,3,1377.3,4,1
2503,14849.0,2011-11-18 10:58:00,21,4,768,1,15984.460000000001,5,1
2504,14850.0,2011-02-01 11:21:00,311,2,205,1,2012.81,4,1
2506,14852.0,2011-10-12 13:20:00,58,4,313,1,6170.7300000000005,5,1
2508,14854.0,2011-09-22 17:00:00,78,3,222,1,4343.55,5,1
2509,14855.0,2011-08-12 14:02:00,119,3,207,1,6520.3,5,1
2511,14857.0,2011-10-11 09:23:00,59,3,218,1,3724.771,5,1
2521,14867.0,2011-06-07 11:39:00,185,3,141,2,3002.66,4,1
2548,14894.0,2011-09-15 13:51:00,85,3,49,3,1573.41,4,1
2550,14896.0,2011-05-19 10:20:00,204,2,295,1,2211.37,4,1
2552,14898.0,2011-11-16 14:54:00,23,4,314,1,3658.76,5,1
2553,14899.0,2010-11-09 15:20:00,395,2,137,2,1384.88,4,1
2559,14905.0,2011-07-08 13:36:00,154,3,81,2,2003.09,4,1
2563,14909.0,2010-10-07 16:47:00,428,1,82,2,1428.38,4,1
2567,14913.0,2011-11-04 08:29:00,35,4,247,1,4073.13,5,1
2569,14915.0,2011-09-15 10:27:00,85,3,92,2,1869.8500000000001,4,1
2570,14916.0,2011-09-30 09:20:00,70,3,140,2,3197.69,5,1
2572,14918.0,2011-08-16 11:50:00,115,3,141,2,5955.81,5,1
2574,14920.0,2011-05-11 10:32:00,212,2,97,2,1607.17,4,1
2584,14930.0,2011-08-23 10:31:00,108,3,285,1,5356.62,5,1
2588,14934.0,2011-09-28 09:45:00,72,3,248,1,4562.9,5,1
2598,14944.0,2011-11-10 09:10:00,29,4,310,1,9894.42,5,1
2606,14952.0,2011-10-24 13:50:00,46,4,329,1,18014.45,5,1
2624,14970.0,2011-10-02 13:44:00,68,3,127,2,6245.3,5,1
2632,14978.0,2011-09-28 13:07:00,72,3,295,1,3177.94,5,1
2642,14988.0,2011-05-12 12:05:00,211,2,244,1,2066.6,4,1
2648,14994.0,2010-11-22 12:59:00,382,2,320,1,1034.93,3,1
2652,14998.0,2011-06-22 17:30:00,170,3,127,2,770.73,3,1
2656,15002.0,2011-08-16 10:44:00,115,3,370,1,4817.28,5,1
2657,15003.0,2010-08-23 15:44:00,473,1,350,1,1065.7,3,1
2658,15004.0,2011-07-15 14:05:00,147,3,158,2,1246.32,3,1
2667,15013.0,2010-08-09 12:05:00,487,1,355,1,1641.3,4,1
2669,15015.0,2010-07-26 13:50:00,501,1,308,1,2454.22,4,1
2670,15016.0,2011-06-20 12:06:00,172,3,110,2,638.3,3,1
2680,15026.0,2011-09-20 13:52:00,80,3,140,2,1061.61,3,1
2686,15032.0,2011-03-28 15:30:00,256,2,128,2,14275.65,5,1
2698,15044.0,2011-11-20 13:20:00,19,4,933,1,16567.13,5,1
2705,15051.0,2011-11-16 15:38:00,23,4,291,1,3950.16,5,1
2711,15057.0,2011-03-09 15:17:00,275,2,71,3,3327.36,5,1
2712,15058.0,2011-11-14 14:57:00,25,4,358,1,3442.88,5,1
2713,15059.0,2011-10-30 11:35:00,40,4,603,1,3619.52,5,1
2716,15062.0,2011-09-29 16:51:00,71,3,159,2,2585.62,4,1
2721,15067.0,2011-09-22 13:20:00,78,3,179,2,3890.63,5,1
2725,15071.0,2011-09-07 11:43:00,93,3,54,3,1455.56,4,1
2728,15074.0,2011-08-26 14:45:00,105,3,73,3,1566.33,4,1
2730,15076.0,2011-06-20 08:23:00,172,3,82,2,1469.64,4,1
2733,15079.0,2011-05-11 12:45:00,212,2,154,2,3847.95,5,1
2749,15095.0,2011-08-28 12:01:00,103,3,126,2,3147.54,5,1
2762,15108.0,2011-07-21 10:24:00,141,3,61,3,1308.75,4,1
2768,15114.0,2011-11-09 15:05:00,30,4,231,1,3400.12,5,1
2776,15122.0,2011-09-15 16:27:00,85,3,236,1,4533.52,5,1
2779,15125.0,2011-11-14 13:57:00,25,4,261,1,17925.41,5,1
2782,15128.0,2011-10-10 13:54:00,60,3,132,2,1835.14,4,1
2783,15129.0,2011-10-20 14:40:00,50,4,207,1,6860.18,5,1
2787,15133.0,2011-08-04 10:44:00,127,3,49,3,1806.9,4,1
2795,15141.0,2010-09-08 11:33:00,457,1,83,2,1398.6299999999999,4,1
2800,15146.0,2011-06-28 12:09:00,164,3,95,2,1340.66,4,1
2803,15149.0,2011-07-29 10:58:00,133,3,69,3,1554.6100000000001,4,1
2808,15154.0,2011-09-26 16:43:00,74,3,195,1,1444.56,4,1
2818,15164.0,2011-10-02 12:05:00,68,3,363,1,2085.82,4,1
2821,15167.0,2011-01-23 12:41:00,320,2,313,1,1659.67,4,1
2827,15173.0,2010-11-24 10:21:00,380,2,88,2,1589.94,4,1
2836,15182.0,2011-07-08 13:37:00,154,3,128,2,3055.152,4,1
2846,15192.0,2011-08-12 11:41:00,119,3,106,2,1981.39,4,1
2853,15199.0,2011-10-11 15:12:00,59,3,51,3,3122.4,5,1
2855,15201.0,2011-09-22 09:53:00,78,3,131,2,2160.0,4,1
2857,15203.0,2011-11-14 08:16:00,25,4,343,1,4400.18,5,1
2865,15211.0,2011-10-10 13:31:00,60,3,75,3,1277.48,4,1
2875,15221.0,2010-12-08 13:08:00,366,2,50,3,3114.8,5,1
2876,15222.0,2011-01-25 08:03:00,318,2,157,2,3686.16,5,1
2882,15228.0,2011-10-04 13:56:00,66,3,235,1,5590.0199999999995,5,1
2889,15235.0,2011-05-06 09:44:00,217,2,187,1,2937.81,4,1
2894,15240.0,2011-10-26 09:50:00,44,4,245,1,4604.96,5,1
2895,15241.0,2011-10-04 09:05:00,66,3,185,1,3068.01,4,1
2899,15245.0,2011-07-28 18:56:00,134,3,148,2,4610.84,5,1
2902,15248.0,2010-10-24 13:09:00,411,2,111,2,1922.83,4,1
2903,15249.0,2011-11-08 11:45:00,31,4,514,1,9384.85,5,1
2909,15255.0,2011-10-04 12:43:00,66,3,193,1,3788.07,5,1
2914,15260.0,2011-08-31 13:55:00,100,3,404,1,9278.08,5,1
2915,15261.0,2011-07-27 15:20:00,135,3,92,2,1508.0,4,1
2919,15265.0,2011-07-11 14:46:00,151,3,193,1,3345.64,5,1
2930,15276.0,2011-10-04 16:39:00,66,3,194,1,668.03,3,1
2933,15279.0,2010-12-20 10:48:00,354,2,99,2,1619.34,4,1
2935,15281.0,2011-10-12 09:10:00,58,4,544,1,8769.52,5,1
2942,15288.0,2011-10-27 16:58:00,43,4,181,1,3883.13,5,1
2945,15291.0,2011-11-14 11:02:00,25,4,267,1,14241.880000000001,5,1
2950,15296.0,2011-10-26 16:33:00,44,4,547,1,10461.73,5,1
2953,15299.0,2011-10-03 14:19:00,67,3,20,4,8739.46,5,1
2955,15301.0,2011-10-20 09:57:00,50,4,384,1,7645.67,5,1
2960,15306.0,2011-10-06 12:56:00,64,3,163,2,3488.48,5,1
2966,15312.0,2011-09-25 13:10:00,75,3,165,2,2943.89,4,1
2975,15321.0,2011-10-21 13:58:00,49,4,329,1,6858.81,5,1
2976,15322.0,2011-10-06 20:38:00,64,3,90,2,1467.57,4,1
2979,15325.0,2011-08-28 11:55:00,103,3,226,1,1607.21,4,1
2980,15326.0,2011-01-10 11:38:00,333,2,146,2,1871.22,4,1
2986,15332.0,2010-12-08 14:43:00,366,2,189,1,6553.74,5,1
2993,15339.0,2011-10-04 12:51:00,66,3,232,1,2021.59,4,1
3007,15353.0,2011-03-30 12:15:00,254,2,388,1,3197.85,5,1
3010,15356.0,2011-11-08 13:11:00,31,4,755,1,3464.95,5,1
3019,15365.0,2011-11-14 08:29:00,25,4,255,1,5541.0,5,1
3020,15366.0,2011-09-25 15:01:00,75,3,138,2,2389.08,4,1
3021,15367.0,2011-10-13 14:13:00,57,4,281,1,5156.93,5,1
3023,15369.0,2011-07-18 15:11:00,144,3,104,2,10789.130000000001,5,1
3026,15372.0,2011-07-25 16:39:00,137,3,60,3,6079.7,5,1
3033,15379.0,2011-06-23 13:13:00,169,3,265,1,4949.24,5,1
3038,15384.0,2011-06-23 10:57:00,169,3,122,2,2041.09,4,1
3056,15402.0,2011-07-14 12:17:00,148,3,133,2,1844.44,4,1
3064,15410.0,2011-09-16 14:47:00,84,3,162,2,4685.72,5,1
3070,15416.0,2011-10-06 09:38:00,64,3,230,1,4590.99,5,1
3075,15421.0,2011-10-12 09:20:00,58,4,316,1,3805.34,5,1
3076,15422.0,2011-01-20 16:17:00,323,2,121,2,1624.92,4,1
3079,15425.0,2010-11-04 18:13:00,400,2,144,2,1944.57,4,1
3110,15456.0,2011-03-01 13:51:00,283,2,230,1,2119.27,4,1
3119,15465.0,2011-11-20 10:11:00,19,4,271,1,13085.15,5,1
3120,15466.0,2011-09-15 14:08:00,85,3,265,1,1571.01,4,1
3130,15476.0,2010-11-24 15:17:00,380,2,80,2,2239.68,4,1
3134,15480.0,2011-08-15 14:32:00,116,3,217,1,8965.75,5,1
3137,15483.0,2011-07-01 13:07:00,161,3,290,1,862.2,3,1
3145,15491.0,2011-09-05 15:56:00,95,3,155,2,3109.33,5,1
3147,15493.0,2011-11-07 12:04:00,32,4,652,1,4349.53,5,1
3148,15494.0,2011-11-18 14:51:00,21,4,380,1,3789.15,5,1
3162,15508.0,2011-06-03 15:43:00,189,3,92,2,1000.27,3,1
3167,15513.0,2011-11-08 16:21:00,31,4,575,1,28236.65,5,1
3172,15518.0,2011-10-06 13:05:00,64,3,464,1,4334.1,5,1
3175,15521.0,2011-11-03 13:52:00,36,4,423,1,7538.94,5,1
3177,15523.0,2011-09-16 16:29:00,84,3,222,1,17499.94,5,1
3183,15529.0,2011-11-17 11:29:00,22,4,812,1,5139.4,5,1
3186,15532.0,2011-11-14 14:51:00,25,4,634,1,3835.75,5,1
3189,15535.0,2011-06-19 16:02:00,173,3,139,2,1189.82,3,1
3196,15542.0,2010-07-15 13:42:00,512,1,254,1,941.0,3,1
3203,15549.0,2011-09-23 16:22:00,77,3,163,2,2383.46,4,1
3223,15569.0,2011-08-28 10:15:00,103,3,142,2,3586.35,5,1
3228,15574.0,2011-06-15 12:01:00,177,3,374,1,1560.7,4,1
3233,15579.0,2011-10-02 12:45:00,68,3,175,2,1337.75,4,1
3234,15580.0,2010-11-28 11:01:00,376,2,258,1,1540.43,4,1
3235,15581.0,2011-08-11 09:38:00,120,3,761,1,9791.4,5,1
3244,15590.0,2011-02-23 16:36:00,289,2,88,2,1526.79,4,1
3250,15596.0,2011-08-31 10:55:00,100,3,187,1,3236.49,5,1
3261,15607.0,2011-01-07 12:44:00,336,2,115,2,1839.3700000000001,4,1
3268,15614.0,2010-10-07 17:23:00,428,1,85,2,3285.86,5,1
3277,15623.0,2011-07-21 17:26:00,141,3,108,2,2437.05,4,1
3279,15625.0,2011-08-31 16:13:00,100,3,177,2,3269.5499999999997,5,1
3280,15626.0,2011-09-26 10:03:00,74,3,82,2,1085.67,3,1
3287,15633.0,2010-07-18 13:54:00,509,1,185,1,4531.51,5,1
3290,15636.0,2011-09-11 11:17:00,89,3,57,3,1444.58,4,1
3295,15641.0,2011-08-26 14:04:00,105,3,311,1,5345.55,5,1
3298,15644.0,2011-06-26 14:54:00,166,3,238,1,813.0,3,1
3300,15646.0,2011-07-05 09:53:00,157,3,86,2,997.11,3,1
3306,15652.0,2011-09-09 14:22:00,91,3,105,2,1428.84,4,1
3312,15658.0,2011-06-02 15:22:00,190,3,133,2,2576.6,4,1
3319,15665.0,2011-06-24 14:57:00,168,3,288,1,4015.12,5,1
3327,15673.0,2011-09-12 16:12:00,88,3,288,1,6419.74,5,1
3328,15674.0,2011-09-27 15:17:00,73,3,374,1,7678.61,5,1
3350,15696.0,2011-11-06 14:02:00,33,4,240,1,4055.67,5,1
3354,15700.0,2011-06-20 16:53:00,172,3,89,2,729.33,3,1
3358,15704.0,2011-07-22 13:35:00,140,3,209,1,3891.7400000000002,5,1
3362,15708.0,2011-10-30 10:54:00,40,4,408,1,4433.46,5,1
3370,15716.0,2011-07-17 11:59:00,145,3,326,1,3056.81,4,1
3373,15719.0,2011-11-07 12:29:00,32,4,1794,1,10311.76,5,1
3376,15722.0,2011-11-04 11:43:00,35,4,197,1,5396.150000000001,5,1
3384,15730.0,2011-10-05 12:31:00,65,3,115,2,1744.98,4,1
3386,15732.0,2011-05-11 14:24:00,212,2,107,2,1726.6200000000001,4,1
3388,15734.0,2011-08-17 10:50:00,114,3,43,3,2263.3,4,1
3390,15736.0,2010-10-05 19:59:00,430,1,106,2,1914.17,4,1
3405,15751.0,2010-09-05 12:44:00,460,1,134,2,1442.04,4,1
3406,15752.0,2011-10-31 11:37:00,39,4,611,1,4215.99,5,1
3410,15756.0,2011-10-09 13:30:00,61,3,192,1,532.96,2,1
3411,15757.0,2011-10-05 12:14:00,65,3,193,1,2940.36,4,1
3418,15764.0,2011-09-19 16:16:00,81,3,259,1,4552.88,5,1
3422,15768.0,2011-08-16 10:48:00,115,3,1241,1,15642.72,5,1
3428,15774.0,2011-10-02 12:04:00,68,3,114,2,1335.68,4,1
3439,15785.0,2011-11-10 12:08:00,29,4,244,1,6114.53,5,1
3440,15786.0,2011-10-27 10:53:00,43,4,482,1,8636.79,5,1
3443,15789.0,2010-12-16 14:35:00,358,2,140,2,1992.01,4,1
3449,15795.0,2011-07-13 10:43:00,149,3,131,2,1979.8700000000001,4,1
3452,15798.0,2010-08-04 09:13:00,492,1,83,2,1535.37,4,1
3453,15799.0,2011-09-25 12:46:00,75,3,155,2,1424.29,4,1
3454,15800.0,2011-08-24 14:23:00,107,3,244,1,1242.58,3,1
3459,15805.0,2011-11-16 16:32:00,23,4,558,1,10669.54,5,1
3462,15808.0,2011-02-06 14:33:00,306,2,874,1,18571.03,5,1
3464,15810.0,2011-09-22 09:38:00,78,3,193,1,3273.28,5,1
3466,15812.0,2011-08-24 14:19:00,107,3,126,2,5216.77,5,1
3469,15815.0,2011-10-07 12:42:00,63,3,49,3,2100.6,4,1
3471,15817.0,2010-10-15 11:07:00,420,1,152,2,2766.4,4,1
3473,15819.0,2011-10-21 14:50:00,49,4,264,1,3958.3,5,1
3477,15823.0,2011-01-06 12:58:00,337,2,175,2,4760.4800000000005,5,1
3481,15827.0,2011-09-27 15:35:00,73,3,267,1,4157.18,5,1
3488,15834.0,2011-09-30 14:41:00,70,3,383,1,3945.69,5,1
3495,15841.0,2011-10-06 18:31:00,64,3,96,2,2768.32,4,1
3509,15855.0,2011-07-26 10:20:00,136,3,95,2,1052.72,3,1
3528,15874.0,2011-10-07 12:58:00,63,3,370,1,11434.52,5,1
3533,15879.0,2010-10-31 16:21:00,404,2,183,1,1157.3,3,1
3534,15880.0,2010-12-05 13:09:00,369,2,212,1,746.5600000000001,3,1
3536,15882.0,2011-05-25 11:35:00,198,2,78,2,1543.0500000000002,4,1
3539,15885.0,2011-09-08 10:43:00,92,3,122,2,2166.07,4,1
3543,15889.0,2011-07-06 11:10:00,156,3,401,1,1816.73,4,1
3565,15911.0,2010-09-17 13:57:00,448,1,261,1,2003.13,4,1
3566,15912.0,2011-06-14 14:29:00,178,3,95,2,1074.7,3,1
3575,15921.0,2011-06-20 11:03:00,172,3,83,2,802.11,3,1
3593,15939.0,2011-09-11 11:30:00,89,3,162,2,9073.14,5,1
3609,15955.0,2011-11-15 14:15:00,24,4,368,1,8694.11,5,1
3626,15972.0,2010-09-09 13:20:00,456,1,145,2,1810.27,4,1
3630,15976.0,2011-06-27 13:00:00,165,3,398,1,1746.6399999999999,4,1
3632,15978.0,2011-09-23 15:21:00,77,3,131,2,3286.2200000000003,5,1
3634,15980.0,2011-09-12 09:41:00,88,3,119,2,6641.08,5,1
3635,15981.0,2011-11-15 08:00:00,24,4,295,1,9457.47,5,1
3637,15983.0,2011-11-17 17:34:00,22,4,316,1,3958.8199999999997,5,1
3639,15985.0,2011-08-08 16:31:00,123,3,105,2,2820.28,4,1
3650,15996.0,2011-09-12 15:14:00,88,3,213,1,1702.8,4,1
3652,15998.0,2011-11-03 12:45:00,36,4,1446,1,8396.29,5,1
3657,16003.0,2011-11-10 09:57:00,29,4,203,1,5613.83,5,1
3658,16004.0,2010-08-22 11:48:00,474,1,90,2,2146.39,4,1
3662,16008.0,2011-11-16 10:32:00,23,4,254,1,5384.13,5,1
3664,16010.0,2011-04-08 10:14:00,245,2,300,1,1726.01,4,1
3683,16029.0,2011-11-01 10:27:00,38,4,420,1,152617.37,5,1
3686,16032.0,2010-09-09 18:00:00,456,1,212,1,1970.45,4,1
3690,16036.0,2011-09-13 14:53:00,87,3,140,2,2556.84,4,1
3694,16040.0,2011-10-05 13:47:00,65,3,128,2,2450.1,4,1
3699,16045.0,2011-08-12 12:41:00,119,3,159,2,3682.83,5,1
3707,16053.0,2011-11-07 11:21:00,32,4,197,1,3663.54,5,1
3708,16054.0,2011-07-17 13:08:00,145,3,127,2,2133.08,4,1
3713,16059.0,2011-10-05 09:56:00,65,3,422,1,3217.77,5,1
3719,16065.0,2010-12-09 13:03:00,365,2,435,1,2399.62,4,1
3721,16067.0,2010-05-26 12:33:00,562,1,82,2,3764.3900000000003,5,1
3726,16072.0,2011-02-24 14:32:00,288,2,556,1,4328.89,5,1
3735,16081.0,2011-10-14 13:06:00,56,4,399,1,4460.18,5,1
3737,16083.0,2011-08-31 10:47:00,100,3,71,3,2351.42,4,1
3740,16086.0,2011-10-11 13:09:00,59,3,138,2,2867.07,4,1
3746,16092.0,2011-09-02 11:46:00,98,3,94,2,1660.39,4,1
3752,16098.0,2011-09-13 09:59:00,87,3,163,2,4448.1,5,1
3758,16104.0,2011-10-09 10:23:00,61,3,242,1,3041.86,4,1
3759,16105.0,2011-04-05 10:13:00,248,2,110,2,2386.19,4,1
3762,16108.0,2011-09-16 11:51:00,84,3,143,2,2299.91,4,1
3771,16117.0,2011-06-03 11:42:00,189,3,90,2,658.75,3,1
3772,16118.0,2010-11-11 19:54:00,393,2,47,3,4497.07,5,1
3774,16120.0,2011-10-11 14:22:00,59,3,97,2,3071.91,4,1
3778,16124.0,2011-01-27 16:05:00,316,2,88,2,1835.59,4,1
3779,16125.0,2010-12-07 15:48:00,367,2,301,1,4587.65,5,1
3780,16126.0,2011-11-10 16:03:00,29,4,384,1,14646.800000000001,5,1
3783,16129.0,2010-10-28 14:29:00,407,2,96,2,1396.05,4,1
3785,16131.0,2011-10-19 11:53:00,51,4,225,1,10048.57,5,1
3801,16147.0,2011-07-29 09:57:00,133,3,140,2,2430.8,4,1
3804,16150.0,2011-11-01 09:29:00,38,4,273,1,4636.49,5,1
3807,16153.0,2011-10-21 10:50:00,49,4,229,1,5229.47,5,1
3817,16163.0,2011-04-28 19:43:00,225,2,85,2,3435.53,5,1
3824,16170.0,2011-10-20 08:21:00,50,4,452,1,6924.33,5,1
3826,16172.0,2011-09-05 13:22:00,95,3,113,2,1884.55,4,1
3828,16174.0,2011-08-05 13:26:00,126,3,65,3,2246.75,4,1
3829,16175.0,2011-09-06 14:32:00,94,3,98,2,1836.44,4,1
3830,16176.0,2010-10-14 13:54:00,421,1,81,2,2141.34,4,1
3834,16180.0,2011-08-31 16:28:00,100,3,347,1,16329.47,5,1
3836,16182.0,2011-09-28 13:23:00,72,3,51,3,9971.65,5,1
3840,16186.0,2011-11-17 12:43:00,22,4,532,1,9068.31,5,1
3841,16187.0,2011-11-08 09:50:00,31,4,297,1,6981.64,5,1
3851,16197.0,2010-08-27 12:56:00,469,1,93,2,2016.71,4,1
3856,16202.0,2010-12-14 10:43:00,360,2,126,2,2536.94,4,1
3862,16208.0,2011-10-26 11:36:00,44,4,253,1,3440.45,5,1
3863,16209.0,2011-09-12 11:58:00,88,3,67,3,4146.78,5,1
3868,16214.0,2011-06-22 11:30:00,170,3,98,2,2038.25,4,1
3872,16218.0,2011-11-10 09:59:00,29,4,186,1,4536.34,5,1
3876,16222.0,2011-01-25 13:38:00,318,2,160,2,1345.22,4,1
3883,16229.0,2011-09-13 17:16:00,87,3,180,2,2900.36,4,1
3887,16233.0,2011-09-29 17:27:00,71,3,81,2,2112.71,4,1
3898,16244.0,2011-05-12 10:18:00,211,2,154,2,2579.38,4,1
3907,16253.0,2011-11-08 11:23:00,31,4,304,1,7343.39,5,1
3912,16258.0,2011-10-25 13:30:00,45,4,345,1,12051.52,5,1
3920,16266.0,2011-09-27 12:08:00,73,3,109,2,1757.95,4,1
3929,16275.0,2011-05-27 12:41:00,196,2,111,2,2151.11,4,1
3933,16279.0,2011-11-18 15:00:00,21,4,351,1,5717.9800000000005,5,1
3935,16281.0,2011-09-28 14:57:00,72,3,40,3,3431.52,5,1
3944,16290.0,2010-09-01 11:52:00,464,1,131,2,2069.3,4,1
3946,16292.0,2011-08-14 14:30:00,117,3,67,3,1336.06,4,1
3950,16296.0,2010-03-23 13:11:00,626,1,83,2,1381.3700000000001,4,1
3954,16300.0,2010-10-05 13:14:00,430,1,249,1,1392.43,4,1
3957,16303.0,2011-11-14 10:49:00,25,4,293,1,8032.82,5,1
3970,16316.0,2011-10-06 13:48:00,64,3,304,1,5956.51,5,1
3971,16317.0,2011-08-12 12:46:00,119,3,118,2,2205.26,4,1
3974,16320.0,2011-06-20 15:25:00,172,3,243,1,6829.13,5,1
3983,16329.0,2010-10-08 12:44:00,427,1,115,2,1703.07,4,1
3989,16335.0,2010-06-06 11:35:00,551,1,367,1,2801.0,4,1
3990,16336.0,2010-10-15 12:32:00,420,1,68,3,3517.69,5,1
3994,16340.0,2011-08-24 14:53:00,107,3,377,1,1526.06,4,1
4005,16351.0,2011-01-11 10:26:00,332,2,198,1,3380.93,5,1
4008,16354.0,2011-10-07 14:28:00,63,3,142,2,1129.51,3,1
4024,16370.0,2011-09-18 15:55:00,82,3,228,1,1320.56,4,1
4028,16374.0,2011-10-04 15:21:00,66,3,358,1,1771.45,4,1
4037,16383.0,2011-09-26 12:45:00,74,3,423,1,3038.84,4,1
4038,16384.0,2011-09-11 11:19:00,89,3,81,2,1358.95,4,1
4039,16385.0,2011-10-10 13:12:00,60,3,137,2,1030.61,3,1
4045,16391.0,2010-11-04 12:27:00,400,2,331,1,1103.61,3,1
4049,16395.0,2011-10-10 12:50:00,60,3,653,1,3616.75,5,1
4052,16398.0,2011-07-18 10:14:00,144,3,86,2,1780.45,4,1
4054,16400.0,2011-09-06 12:27:00,94,3,281,1,3159.44,5,1
4063,16409.0,2011-11-03 16:45:00,36,4,791,1,5709.04,5,1
4073,16419.0,2011-08-19 12:33:00,112,3,93,2,1500.17,4,1
4082,16428.0,2011-09-19 16:31:00,81,3,137,2,663.23,3,1
4095,16441.0,2011-10-03 17:48:00,67,3,87,2,1045.3799999999999,3,1
4098,16444.0,2011-10-24 13:50:00,46,4,380,1,3730.78,5,1
4104,16450.0,2011-07-13 11:47:00,149,3,44,3,1535.73,4,1
4109,16455.0,2011-10-07 12:17:00,63,3,228,1,4462.02,5,1
4110,16456.0,2011-09-01 13:50:00,99,3,416,1,7540.41,5,1
4115,16461.0,2011-06-15 12:07:00,177,3,269,1,1615.22,4,1
4120,16466.0,2011-11-06 11:35:00,33,4,351,1,3963.59,5,1
4131,16477.0,2011-10-07 09:44:00,63,3,260,1,4320.02,5,1
4139,16485.0,2011-09-23 15:50:00,77,3,155,2,2451.68,4,1
4147,16493.0,2011-09-28 11:13:00,72,3,117,2,2154.06,4,1
4151,16497.0,2011-10-21 10:55:00,49,4,337,1,6695.28,5,1
4153,16499.0,2010-12-14 15:20:00,360,2,151,2,2664.94,4,1
4155,16501.0,2010-11-21 14:10:00,383,2,207,1,1237.23,3,1
4157,16503.0,2011-08-25 11:46:00,106,3,216,1,3630.79,5,1
4164,16510.0,2010-12-02 13:39:00,372,2,131,2,2100.0,4,1
4169,16515.0,2011-10-18 13:10:00,52,4,240,1,3216.3,5,1
4174,16520.0,2011-06-06 13:24:00,186,3,417,1,2499.32,4,1
4175,16521.0,2010-10-20 13:09:00,415,1,239,1,1148.01,3,1
4181,16527.0,2011-09-19 16:21:00,81,3,77,3,1272.44,4,1
4183,16529.0,2011-06-02 17:23:00,190,3,129,2,2012.0,4,1
4200,16546.0,2011-02-22 11:20:00,290,2,107,2,7375.58,5,1
4204,16550.0,2011-08-23 11:12:00,108,3,839,1,9700.94,5,1
4205,16551.0,2011-09-05 09:38:00,95,3,88,2,2237.12,4,1
4207,16553.0,2011-06-29 15:42:00,163,3,298,1,16732.15,5,1
4210,16556.0,2011-10-04 11:36:00,66,3,500,1,8414.93,5,1
4214,16560.0,2011-11-18 17:05:00,21,4,201,1,3086.03,5,1
4228,16574.0,2011-09-29 13:39:00,71,3,86,2,1301.78,4,1
4238,16584.0,2011-09-20 13:45:00,80,3,92,2,3241.87,5,1
4249,16595.0,2011-10-09 13:15:00,61,3,474,1,1810.18,4,1
4262,16608.0,2010-09-12 11:44:00,453,1,122,2,1288.72,4,1
4265,16611.0,2011-06-06 15:46:00,186,3,111,2,1793.63,4,1
4273,16619.0,2011-03-31 12:20:00,253,2,118,2,1960.13,4,1
4279,16625.0,2011-03-10 12:50:00,274,2,100,2,1656.98,4,1
4285,16631.0,2010-08-15 11:20:00,481,1,81,2,1918.02,4,1
4288,16634.0,2011-05-01 12:09:00,222,2,115,2,2266.12,4,1
4290,16636.0,2010-09-27 13:13:00,438,1,73,3,3802.04,5,1
4304,16650.0,2011-09-29 09:51:00,71,3,98,2,1916.11,4,1
4306,16652.0,2011-10-17 11:43:00,53,4,289,1,17787.95,5,1
4308,16654.0,2011-07-21 15:23:00,141,3,85,2,1717.77,4,1
4335,16681.0,2011-09-28 11:11:00,72,3,49,3,1921.84,4,1
4340,16686.0,2011-10-23 13:49:00,47,4,1109,1,5090.27,5,1
4347,16693.0,2011-10-02 11:10:00,68,3,174,2,1199.46,3,1
4363,16709.0,2011-09-16 10:56:00,84,3,306,1,9087.460000000001,5,1
4364,16710.0,2011-11-20 14:50:00,19,4,987,1,6361.84,5,1
4368,16714.0,2011-05-05 11:09:00,218,2,120,2,1804.89,4,1
4372,16718.0,2010-12-05 13:03:00,369,2,223,1,3647.53,5,1
4377,16723.0,2011-09-09 13:01:00,91,3,130,2,1301.63,4,1
4379,16725.0,2011-02-10 16:52:00,302,2,394,1,1893.51,4,1
4381,16727.0,2010-12-10 13:48:00,364,2,213,1,1437.42,4,1
4383,16729.0,2011-11-03 19:11:00,36,4,668,1,7403.56,5,1
4386,16732.0,2011-11-08 09:54:00,31,4,230,1,4808.49,5,1
4389,16735.0,2011-09-22 11:49:00,78,3,328,1,6909.11,5,1
4390,16736.0,2010-07-22 10:09:00,505,1,147,2,3008.61,4,1
4397,16743.0,2011-11-10 13:13:00,29,4,377,1,4299.51,5,1
4399,16745.0,2011-09-14 11:58:00,86,3,358,1,7217.900000000001,5,1
4403,16749.0,2010-04-27 13:06:00,591,1,77,3,4387.08,5,1
4408,16754.0,2010-12-02 17:38:00,372,2,167,2,78444.36,5,1
4409,16755.0,2011-08-17 13:21:00,114,3,336,1,2919.13,4,1
4410,16756.0,2011-05-09 09:33:00,214,2,82,2,1337.32,4,1
4421,16767.0,2011-11-09 09:42:00,30,4,325,1,8175.8,5,1
4425,16771.0,2011-11-06 13:28:00,33,4,412,1,3967.6,5,1
4426,16772.0,2010-10-18 13:39:00,417,1,81,2,4661.5,5,1
4428,16774.0,2011-10-03 12:41:00,67,3,136,2,1601.05,4,1
4431,16777.0,2011-09-20 13:41:00,80,3,148,2,1338.51,4,1
4442,16788.0,2011-08-08 14:53:00,123,3,495,1,1950.3,4,1
4445,16791.0,2011-11-10 19:12:00,29,4,705,1,4131.26,5,1
4449,16795.0,2010-12-09 14:08:00,365,2,418,1,2519.59,4,1
4451,16797.0,2010-11-11 19:14:00,393,2,414,1,1868.77,4,1
4455,16801.0,2011-06-29 15:33:00,163,3,121,2,2371.63,4,1
4459,16805.0,2011-06-19 11:23:00,173,3,251,1,1097.24,3,1
4460,16806.0,2011-08-28 15:27:00,103,3,103,2,801.49,3,1
4461,16807.0,2011-07-20 12:00:00,142,3,144,2,2182.88,4,1
4466,16812.0,2010-12-14 12:35:00,360,2,116,2,2567.2,4,1
4477,16823.0,2011-04-26 15:00:00,227,2,176,2,2267.04,4,1
4489,16835.0,2011-08-03 13:50:00,128,3,92,2,1605.31,4,1
4495,16841.0,2011-11-03 11:51:00,36,4,221,1,4170.96,5,1
4496,16842.0,2011-10-06 17:38:00,64,3,64,3,1267.94,4,1
4497,16843.0,2011-10-28 09:06:00,42,4,599,1,19614.079999999998,5,1
4512,16858.0,2010-12-08 14:52:00,366,2,155,2,4904.93,5,1
4513,16859.0,2011-08-25 14:12:00,106,3,130,2,2207.08,4,1
4529,16875.0,2011-10-06 19:20:00,64,3,252,1,4415.86,5,1
4537,16883.0,2011-06-05 12:51:00,187,3,289,1,2406.54,4,1
4543,16889.0,2011-05-29 11:05:00,194,2,218,1,2530.9,4,1
4548,16894.0,2010-07-25 15:43:00,502,1,197,1,1365.76,4,1
4549,16895.0,2011-10-06 12:15:00,64,3,171,2,1121.42,3,1
4556,16902.0,2011-08-15 14:17:00,116,3,44,3,1706.88,4,1
4560,16906.0,2011-09-19 11:49:00,81,3,225,1,1448.8,4,1
4572,16918.0,2011-10-21 12:50:00,49,4,463,1,3288.52,5,1
4573,16919.0,2011-07-06 13:35:00,156,3,645,1,5198.01,5,1
4580,16926.0,2010-12-03 13:42:00,371,2,115,2,1432.3,4,1
4582,16928.0,2011-09-20 15:10:00,80,3,342,1,4232.88,5,1
4594,16940.0,2011-10-18 13:15:00,52,4,635,1,6609.91,5,1
4599,16945.0,2011-11-18 11:39:00,21,4,476,1,8565.66,5,1
4605,16951.0,2011-08-08 13:25:00,123,3,87,2,1292.75,4,1
4606,16952.0,2011-08-22 13:03:00,109,3,88,2,798.78,3,1
4609,16955.0,2011-06-08 10:36:00,184,3,60,3,1357.66,4,1
4634,16980.0,2011-03-29 16:36:00,255,2,112,2,1473.3300000000002,4,1
4638,16984.0,2011-09-22 18:21:00,78,3,1160,1,10910.18,5,1
4656,17002.0,2011-09-27 16:48:00,73,3,85,2,2577.5,4,1
4679,17025.0,2011-10-10 09:06:00,60,3,42,3,1510.6399999999999,4,1
4681,17027.0,2011-09-22 12:24:00,78,3,188,1,1368.81,4,1
4682,17028.0,2010-05-07 15:33:00,581,1,95,2,1593.83,4,1
4686,17032.0,2010-09-24 10:20:00,441,1,246,1,3859.14,5,1
4687,17033.0,2011-09-14 14:34:00,86,3,40,3,1332.79,4,1
4691,17037.0,2011-09-22 17:20:00,78,3,77,3,1281.42,4,1
4700,17046.0,2011-07-05 14:24:00,157,3,85,2,1906.07,4,1
4701,17047.0,2011-09-15 13:27:00,85,3,142,2,2289.23,4,1
4702,17048.0,2011-08-16 14:51:00,115,3,107,2,2151.91,4,1
4704,17050.0,2011-09-04 13:48:00,96,3,358,1,4991.92,5,1
4713,17059.0,2011-11-10 12:27:00,29,4,842,1,5620.2300000000005,5,1
4715,17061.0,2011-09-27 11:24:00,73,3,101,2,5348.33,5,1
4723,17069.0,2011-11-11 17:13:00,28,4,310,1,5870.16,5,1
4737,17083.0,2011-08-22 15:43:00,109,3,117,2,4064.5,5,1
4738,17084.0,2011-11-04 14:54:00,35,4,295,1,5206.22,5,1
4739,17085.0,2011-08-08 14:15:00,123,3,1005,1,8025.41,5,1
4746,17092.0,2011-10-20 19:51:00,50,4,400,1,5626.61,5,1
4759,17105.0,2011-07-03 15:53:00,159,3,90,2,665.78,3,1
4761,17107.0,2011-11-07 08:41:00,32,4,686,1,16534.02,5,1
4767,17113.0,2010-07-22 17:00:00,505,1,172,2,2536.02,4,1
4780,17126.0,2011-07-10 13:52:00,152,3,477,1,2083.34,4,1
4786,17132.0,2010-09-13 16:31:00,452,1,78,2,1272.8,4,1
4792,17138.0,2011-03-09 11:54:00,275,2,256,1,4417.27,5,1
4796,17142.0,2011-04-14 18:22:00,239,2,90,2,1283.75,4,1
4799,17145.0,2010-08-31 16:53:00,465,1,186,1,3227.1800000000003,5,1
4800,17146.0,2011-08-26 12:44:00,105,3,309,1,5924.49,5,1
4804,17150.0,2010-11-28 11:27:00,376,2,93,2,1375.65,4,1
4814,17160.0,2011-11-08 14:05:00,31,4,655,1,10216.960000000001,5,1
4819,17165.0,2011-02-28 16:39:00,284,2,103,2,1805.01,4,1
4833,17179.0,2011-06-14 16:48:00,178,3,158,2,1507.26,4,1
4843,17189.0,2011-08-25 19:39:00,106,3,123,2,957.63,3,1
4845,17191.0,2011-11-11 16:58:00,28,4,576,1,4861.55,5,1
4857,17203.0,2011-11-04 12:27:00,35,4,270,1,5575.88,5,1
4858,17204.0,2011-06-23 13:54:00,169,3,190,1,5745.6900000000005,5,1
4865,17211.0,2011-11-13 12:03:00,26,4,380,1,4091.2000000000003,5,1
4867,17213.0,2011-10-30 14:53:00,40,4,298,1,5285.67,5,1
4868,17214.0,2011-10-10 13:17:00,60,3,104,2,1154.1200000000001,3,1
4874,17220.0,2011-11-15 13:47:00,24,4,681,1,4481.75,5,1
4876,17222.0,2011-10-05 13:58:00,65,3,113,2,1605.01,4,1
4884,17230.0,2011-03-20 16:12:00,264,2,230,1,10153.99,5,1
4895,17241.0,2010-11-19 13:01:00,385,2,171,2,2744.14,4,1
4896,17242.0,2011-08-23 14:55:00,108,3,84,2,2889.28,4,1
4913,17259.0,2011-07-14 15:01:00,148,3,330,1,1889.34,4,1
4936,17282.0,2011-08-01 14:29:00,130,3,217,1,2339.66,4,1
4938,17284.0,2011-10-10 14:38:00,60,3,378,1,3258.1,5,1
4941,17287.0,2011-11-13 13:27:00,26,4,497,1,4128.21,5,1
4961,17307.0,2010-12-09 15:24:00,365,2,53,3,4774.110000000001,5,1
4965,17311.0,2011-09-22 14:11:00,78,3,129,2,3642.46,5,1
4968,17314.0,2011-11-15 09:41:00,24,4,286,1,5294.16,5,1
4974,17320.0,2011-08-31 13:31:00,100,3,174,2,2895.77,4,1
4991,17337.0,2011-07-11 14:56:00,151,3,548,1,2111.42,4,1
4995,17341.0,2011-07-06 12:33:00,156,3,407,1,1889.83,4,1
5003,17349.0,2011-06-13 14:29:00,179,3,94,2,852.25,3,1
5007,17353.0,2011-08-02 17:19:00,129,3,17,4,3328.45,5,1
5022,17368.0,2011-11-16 15:26:00,23,4,258,1,3439.04,5,1
5026,17372.0,2011-10-30 11:37:00,40,4,672,1,4429.69,5,1
5029,17375.0,2011-06-02 17:30:00,190,3,88,2,688.15,3,1
5031,17377.0,2011-11-16 11:17:00,23,4,1796,1,18787.41,5,1
5042,17388.0,2011-09-23 10:31:00,77,3,57,3,2691.57,4,1
5054,17400.0,2011-08-05 15:38:00,126,3,481,1,4677.05,5,1
5060,17406.0,2011-01-13 12:52:00,330,2,269,1,5218.0,5,1
5063,17409.0,2011-06-08 10:36:00,184,3,104,2,7793.51,5,1
5070,17416.0,2011-11-10 12:47:00,29,4,600,1,17375.43,5,1
5083,17429.0,2011-08-11 10:13:00,120,3,99,2,1372.76,4,1
5096,17442.0,2011-11-10 14:54:00,29,4,294,1,4739.9,5,1
5098,17444.0,2011-07-15 12:05:00,147,3,135,2,2940.04,4,1
5102,17448.0,2011-07-18 12:26:00,144,3,1134,1,18921.21,5,1
5108,17454.0,2011-05-31 13:58:00,192,2,127,2,1563.24,4,1
5111,17457.0,2011-08-05 12:48:00,126,3,72,3,6170.61,5,1
5114,17460.0,2011-09-22 10:58:00,78,3,156,2,2449.14,4,1
5119,17465.0,2010-10-10 11:56:00,425,1,144,2,2551.94,4,1
5126,17472.0,2011-06-01 14:57:00,191,2,230,1,935.1,3,1
5158,17504.0,2011-05-17 12:59:00,206,2,359,1,9816.87,5,1
5159,17505.0,2011-07-01 12:50:00,161,3,102,2,2435.48,4,1
5162,17508.0,2011-03-04 08:10:00,280,2,232,1,4611.68,5,1
5163,17509.0,2011-10-13 12:16:00,57,4,369,1,6129.54,5,1
5166,17512.0,2011-11-11 12:11:00,28,4,199,1,5503.37,5,1
5185,17531.0,2011-08-11 10:19:00,120,3,65,3,1342.42,4,1
5193,17539.0,2010-04-01 15:45:00,617,1,152,2,1406.07,4,1
5204,17550.0,2011-05-26 14:09:00,197,2,351,1,2888.74,4,1
5214,17560.0,2011-09-06 09:18:00,94,3,56,3,1895.8,4,1
5236,17582.0,2011-04-17 13:18:00,236,2,125,2,1467.7,4,1
5239,17585.0,2011-08-22 13:30:00,109,3,397,1,2093.3,4,1
5242,17588.0,2011-08-31 13:37:00,100,3,75,3,2977.45,4,1
5243,17589.0,2011-10-10 16:58:00,60,3,1353,1,14194.92,5,1
5245,17591.0,2011-09-27 13:42:00,73,3,269,1,2787.62,4,1
5248,17594.0,2011-09-15 16:34:00,85,3,104,2,2497.88,4,1
5250,17596.0,2011-11-16 14:11:00,23,4,559,1,4934.02,5,1
5251,17597.0,2011-05-10 11:54:00,213,2,134,2,3542.89,5,1
5258,17604.0,2011-05-06 13:43:00,217,2,210,1,945.9300000000001,3,1
5264,17610.0,2010-06-17 16:34:00,540,1,172,2,1631.14,4,1
5266,17612.0,2011-10-17 14:59:00,53,4,368,1,5633.58,5,1
5267,17613.0,2011-11-17 10:51:00,22,4,319,1,4608.93,5,1
5294,17640.0,2011-09-14 09:13:00,86,3,68,3,3230.29,5,1
5296,17642.0,2011-08-12 09:11:00,119,3,108,2,1824.49,4,1
5300,17646.0,2011-05-04 13:17:00,219,2,214,1,4205.42,5,1
5302,17648.0,2011-10-10 09:41:00,60,3,126,2,2224.32,4,1
5303,17649.0,2011-07-28 10:50:00,134,3,101,2,1615.3400000000001,4,1
5306,17652.0,2011-11-14 12:55:00,25,4,270,1,4998.31,5,1
5310,17656.0,2011-09-27 13:04:00,73,3,82,2,1674.69,4,1
5317,17663.0,2011-11-14 08:56:00,25,4,249,1,5270.62,5,1
5321,17667.0,2011-10-04 14:32:00,66,3,235,1,4017.6,5,1
5326,17672.0,2011-10-27 10:56:00,43,4,211,1,5850.18,5,1
5344,17690.0,2011-11-09 15:17:00,30,4,385,1,7457.6,5,1
5346,17692.0,2011-08-04 14:01:00,127,3,164,2,2989.2,4,1
5348,17694.0,2011-07-21 12:00:00,141,3,81,2,1695.97,4,1
5349,17695.0,2011-07-31 10:40:00,131,3,62,3,1771.54,4,1
5350,17696.0,2011-11-01 13:43:00,38,4,400,1,7978.29,5,1
5368,17714.0,2011-01-23 10:32:00,320,2,85,2,1443.78,4,1
5370,17716.0,2011-11-17 12:00:00,22,4,614,1,16242.62,5,1
5373,17719.0,2011-11-02 10:36:00,37,4,278,1,5424.28,5,1
5376,17722.0,2011-09-04 15:22:00,96,3,224,1,4473.76,5,1
5385,17731.0,2011-09-21 15:02:00,79,3,115,2,2070.9,4,1
5386,17732.0,2010-12-02 09:29:00,372,2,143,2,2492.64,4,1
5392,17738.0,2011-11-20 15:05:00,19,4,233,1,4221.76,5,1
5396,17742.0,2011-08-18 15:28:00,113,3,85,2,2098.48,4,1
5412,17758.0,2011-11-20 14:45:00,19,4,536,1,5012.53,5,1
5428,17774.0,2011-09-04 12:49:00,96,3,414,1,3710.4,5,1
5441,17787.0,2011-07-10 11:24:00,152,3,165,2,2601.4700000000003,4,1
5453,17799.0,2011-11-17 15:16:00,22,4,933,1,6467.04,5,1
5456,17802.0,2011-09-18 14:56:00,82,3,559,1,5190.4,5,1
5468,17814.0,2010-11-29 14:21:00,375,2,146,2,1617.32,4,1
5473,17819.0,2011-09-29 10:52:00,71,3,102,2,6656.32,5,1
5476,17822.0,2010-10-15 13:47:00,420,1,176,2,2188.5,4,1
5483,17829.0,2011-02-14 12:46:00,298,2,172,2,4833.06,5,1
5492,17838.0,2011-11-13 11:38:00,26,4,326,1,7206.25,5,1
5502,17848.0,2011-09-19 16:49:00,81,3,169,2,3663.65,5,1
5504,17850.0,2011-02-10 14:38:00,302,2,2827,1,57497.03,5,1
5505,17851.0,2010-10-13 15:13:00,422,1,237,1,1563.34,4,1
5507,17853.0,2010-10-28 15:29:00,407,2,106,2,1608.19,4,1
5508,17854.0,2011-06-07 16:21:00,185,3,120,2,1071.45,3,1
5514,17860.0,2010-12-06 12:41:00,368,2,232,1,1015.54,3,1
5516,17862.0,2011-01-20 12:23:00,323,2,102,2,1279.09,4,1
5517,17863.0,2011-10-11 13:45:00,59,3,276,1,5745.2,5,1
5519,17865.0,2011-11-09 12:08:00,30,4,1062,1,27099.73,5,1
5523,17869.0,2011-08-24 16:16:00,107,3,98,2,1036.16,3,1
5527,17873.0,2011-09-20 16:41:00,80,3,188,1,6802.200000000001,5,1
5548,17894.0,2011-09-29 09:23:00,71,3,430,1,2509.1,4,1
5551,17897.0,2011-06-20 11:23:00,172,3,348,1,2636.0,4,1
5559,17905.0,2011-09-29 17:33:00,71,3,172,2,2392.82,4,1
5562,17908.0,2010-12-01 11:45:00,373,2,280,1,1465.19,4,1
5567,17913.0,2011-10-12 10:45:00,58,4,476,1,3479.64,5,1
5573,17919.0,2011-09-12 13:41:00,88,3,40,3,1840.32,4,1
5575,17921.0,2011-10-06 18:56:00,64,3,370,1,2463.65,4,1
5585,17931.0,2011-07-28 18:33:00,134,3,363,1,3568.62,5,1
5604,17950.0,2011-09-28 15:18:00,72,3,208,1,1452.97,4,1
5616,17962.0,2011-07-20 14:16:00,142,3,202,1,701.82,3,1
5619,17965.0,2011-11-02 09:31:00,37,4,864,1,7364.18,5,1
5622,17968.0,2010-12-01 12:23:00,373,2,220,1,888.04,3,1
5623,17969.0,2011-06-26 13:00:00,166,3,222,1,2488.69,4,1
5632,17978.0,2010-12-09 14:05:00,365,2,80,2,1461.76,4,1
5638,17984.0,2011-07-17 15:59:00,145,3,251,1,1191.27,3,1
5641,17987.0,2011-06-07 14:22:00,185,3,181,1,1079.16,3,1
5648,17994.0,2011-08-10 11:43:00,121,3,318,1,2363.77,4,1
5651,17997.0,2011-09-26 16:13:00,74,3,180,2,2430.04,4,1
5662,18008.0,2011-09-30 15:17:00,70,3,102,2,19787.13,5,1
5663,18009.0,2011-04-18 13:52:00,235,2,188,1,2234.58,4,1
5716,18062.0,2011-06-19 14:47:00,173,3,57,3,1741.97,4,1
5718,18064.0,2011-07-29 16:39:00,133,3,69,3,4548.88,5,1
5720,18066.0,2011-09-25 15:30:00,75,3,53,3,1440.4,4,1
5723,18069.0,2011-11-13 16:05:00,26,4,1000,1,4555.41,5,1
5725,18071.0,2011-03-27 11:59:00,257,2,86,2,1428.63,4,1
5727,18073.0,2011-08-17 14:02:00,114,3,76,3,3890.6000000000004,5,1
5729,18075.0,2011-11-16 15:21:00,23,4,350,1,5986.67,5,1
5741,18087.0,2011-09-02 15:12:00,98,3,95,2,15111.419999999998,5,1
5747,18093.0,2011-09-07 15:43:00,93,3,63,3,4475.81,5,1
5748,18094.0,2011-09-19 09:28:00,81,3,131,2,6460.42,5,1
5760,18106.0,2011-01-14 12:23:00,329,2,196,1,1461.46,4,1
5770,18116.0,2011-10-03 11:00:00,67,3,574,1,2154.3,4,1
5790,18136.0,2011-10-07 15:40:00,63,3,94,2,1731.01,4,1
5805,18151.0,2011-07-28 11:35:00,134,3,107,2,1904.94,4,1
5822,18168.0,2011-06-16 19:21:00,176,3,430,1,3870.42,5,1
5827,18173.0,2011-09-14 11:26:00,86,3,45,3,2696.36,4,1
5832,18178.0,2011-08-18 06:34:00,113,3,354,1,6152.99,5,1
5843,18189.0,2011-09-23 12:40:00,77,3,88,2,1410.88,4,1
5848,18194.0,2011-10-06 19:54:00,64,3,30,4,4239.88,5,1
5850,18196.0,2011-09-05 16:22:00,95,3,281,1,1464.31,4,1
5858,18204.0,2011-09-29 16:44:00,71,3,202,1,2008.1,4,1
5869,18215.0,2011-09-11 16:05:00,89,3,91,2,2255.9900000000002,4,1
5880,18226.0,2011-11-01 09:57:00,38,4,544,1,12009.18,5,1
5885,18231.0,2011-05-31 14:18:00,192,2,389,1,6913.77,5,1
5889,18235.0,2011-09-29 08:27:00,71,3,104,2,1796.48,4,1
5893,18239.0,2011-05-05 12:38:00,218,2,125,2,2150.36,4,1
5896,18242.0,2011-09-28 13:43:00,72,3,140,2,3605.21,5,1
5905,18251.0,2011-09-13 15:03:00,87,3,108,2,26278.86,5,1
5911,18257.0,2011-10-31 14:48:00,39,4,288,1,4703.5,5,1
5914,18260.0,2011-06-20 12:37:00,172,3,430,1,10172.27,5,1
5922,18268.0,2011-07-28 19:13:00,134,3,71,3,1529.24,4,1
