,Customer ID,Last Invoice,Last Bought Days,Recency Score,Transaction Count,Frequency Score,Total value,Monetary Score,Cluster
1,12347.0,2011-12-07 15:52:00,2,5,253,1,5633.32,5,0
3,12349.0,2011-11-21 09:51:00,18,5,180,2,4452.84,5,0
6,12352.0,2011-11-03 14:37:00,36,4,113,2,3810.4700000000003,5,0
10,12356.0,2011-11-17 08:40:00,22,4,143,2,6373.68,5,0
12,12358.0,2011-12-08 10:26:00,1,5,77,3,3887.07,5,0
13,12359.0,2011-12-02 11:21:00,7,5,375,1,9156.99,5,0
16,12362.0,2011-12-06 15:40:00,3,5,275,1,5427.88,5,0
18,12364.0,2011-12-02 10:22:00,7,5,85,2,1313.1,4,0
25,12371.0,2011-10-26 10:16:00,44,4,167,2,4067.38,5,0
28,12374.0,2011-11-14 15:37:00,25,4,83,2,2989.2200000000003,4,0
35,12381.0,2011-12-05 12:44:00,4,5,91,2,1886.66,4,0
42,12388.0,2011-11-24 12:30:00,15,5,146,2,3901.11,5,0
45,12391.0,2011-11-18 12:07:00,21,4,287,1,2799.02,4,0
49,12395.0,2011-11-24 12:20:00,15,5,257,1,5087.62,5,0
51,12397.0,2011-11-04 09:52:00,35,4,126,2,2409.9,4,0
52,12398.0,2011-10-25 10:27:00,45,4,85,2,1635.6599999999999,4,0
60,12406.0,2011-11-17 19:22:00,22,4,170,2,6708.51,5,0
61,12407.0,2011-10-21 10:11:00,49,4,77,3,1708.1200000000001,4,0
62,12408.0,2011-11-07 12:30:00,32,4,170,2,4401.9,5,0
71,12417.0,2011-12-06 14:52:00,3,5,381,1,6925.61,5,0
75,12421.0,2011-11-24 09:07:00,15,5,67,3,1104.37,3,0
77,12423.0,2011-12-09 10:10:00,0,5,166,2,2632.59,4,0
81,12427.0,2011-11-28 10:48:00,11,5,45,3,1246.73,3,0
83,12429.0,2011-11-30 17:22:00,9,5,174,2,7536.31,5,0
86,12432.0,2011-10-28 11:43:00,42,4,108,2,5059.32,5,0
87,12433.0,2011-12-09 10:02:00,0,5,707,1,20733.66,5,0
91,12437.0,2011-12-08 11:35:00,1,5,583,1,12971.95,5,0
92,12438.0,2011-11-25 13:28:00,14,5,98,2,2906.85,4,0
98,12444.0,2011-11-18 13:23:00,21,4,177,2,5005.46,5,0
100,12446.0,2011-10-13 12:50:00,57,4,58,3,1002.3100000000001,3,0
105,12451.0,2011-11-29 08:40:00,10,5,514,1,12793.23,5,0
108,12454.0,2011-10-17 15:07:00,53,4,72,3,29066.85,5,0
110,12456.0,2011-10-26 14:41:00,44,4,129,2,3208.19,5,0
111,12457.0,2011-10-12 13:46:00,58,4,93,2,3519.5099999999998,5,0
116,12462.0,2011-12-07 14:02:00,2,5,72,3,1255.17,3,0
117,12463.0,2011-10-24 13:43:00,46,4,88,2,1385.93,4,0
118,12464.0,2011-11-29 13:33:00,10,5,29,4,1212.05,3,0
119,12465.0,2011-12-02 11:34:00,7,5,51,3,750.49,3,0
125,12471.0,2011-12-07 15:43:00,2,5,1298,1,41978.97,5,0
127,12473.0,2011-11-10 13:48:00,29,4,179,2,5028.87,5,0
128,12474.0,2011-11-22 14:39:00,17,5,764,1,12882.45,5,0
129,12475.0,2011-10-17 10:10:00,53,4,61,3,1149.64,3,0
130,12476.0,2011-12-08 14:08:00,1,5,564,1,14515.2,5,0
132,12478.0,2011-12-06 09:56:00,3,5,36,4,680.99,3,0
137,12483.0,2011-11-22 17:03:00,17,5,148,2,5394.29,5,0
142,12488.0,2011-11-30 08:50:00,9,5,55,3,1298.66,4,0
144,12490.0,2011-12-04 16:07:00,5,5,463,1,9828.64,5,0
148,12494.0,2011-11-30 09:21:00,9,5,122,2,2002.22,4,0
154,12500.0,2011-11-16 16:20:00,23,4,156,2,6038.11,5,0
158,12504.0,2011-11-21 16:02:00,18,5,26,4,1147.1,3,0
171,12517.0,2011-11-11 14:04:00,28,4,286,1,2540.79,4,0
172,12518.0,2011-12-09 10:13:00,0,5,124,2,2056.89,4,0
177,12523.0,2011-12-08 11:46:00,1,5,265,1,4523.45,5,0
178,12524.0,2011-11-30 15:31:00,9,5,242,1,11160.86,5,0
180,12526.0,2011-12-09 12:09:00,0,5,71,3,1316.66,4,0
182,12528.0,2011-11-30 14:40:00,9,5,95,2,1944.68,4,0
185,12531.0,2011-11-25 11:12:00,14,5,133,2,1967.35,4,0
190,12536.0,2011-12-02 12:43:00,7,5,273,1,21096.84,5,0
195,12541.0,2011-11-10 10:40:00,29,4,52,3,981.18,3,0
200,12546.0,2011-10-24 12:09:00,46,4,70,3,1181.5,3,0
207,12553.0,2011-12-01 16:38:00,8,5,244,1,4668.68,5,0
210,12556.0,2011-10-20 13:06:00,50,4,121,2,603.71,2,0
211,12557.0,2011-11-23 16:59:00,16,5,58,3,18716.14,5,0
214,12560.0,2011-12-04 13:54:00,5,5,111,2,2166.63,4,0
216,12562.0,2011-12-01 17:20:00,8,5,207,1,4966.92,5,0
223,12569.0,2011-12-07 16:24:00,2,5,191,1,4184.39,5,0
226,12572.0,2011-12-01 09:20:00,8,5,62,3,1036.1200000000001,3,0
230,12576.0,2011-11-04 10:11:00,35,4,147,2,2201.57,4,0
231,12577.0,2011-11-04 13:28:00,35,4,303,1,1716.15,4,0
237,12583.0,2011-12-07 08:07:00,2,5,471,1,14549.98,5,0
238,12584.0,2011-12-06 09:35:00,3,5,126,2,2782.35,4,0
240,12586.0,2011-11-22 16:24:00,17,5,96,2,2096.67,4,0
242,12588.0,2011-10-31 15:01:00,39,4,48,3,978.58,3,0
252,12598.0,2011-11-30 12:18:00,9,5,211,1,4653.51,5,0
253,12599.0,2011-11-10 13:34:00,29,4,133,2,2296.72,4,0
254,12600.0,2011-11-11 10:29:00,28,4,140,2,5132.05,5,0
264,12610.0,2011-11-17 09:34:00,22,4,111,2,2141.09,4,0
265,12611.0,2011-10-18 13:12:00,52,4,65,3,1193.32,3,0
269,12615.0,2011-12-07 15:02:00,2,5,278,1,5917.08,5,0
273,12619.0,2011-11-23 14:52:00,16,5,105,2,4207.8099999999995,5,0
274,12620.0,2011-11-25 10:20:00,14,5,92,2,1339.41,4,0
275,12621.0,2011-12-08 11:25:00,1,5,786,1,24972.31,5,0
281,12627.0,2011-11-29 12:07:00,10,5,230,1,4478.53,5,0
282,12628.0,2011-12-05 13:15:00,4,5,43,3,803.3100000000001,3,0
284,12630.0,2011-11-30 10:48:00,9,5,64,3,1270.88,4,0
292,12638.0,2011-11-06 13:11:00,33,4,48,3,921.49,3,0
294,12640.0,2011-11-16 11:52:00,23,4,53,3,1174.58,3,0
296,12642.0,2011-11-14 15:03:00,25,4,47,3,1013.26,3,0
299,12645.0,2011-11-06 12:38:00,33,4,163,2,3579.5,5,0
300,12646.0,2011-12-05 10:14:00,4,5,45,3,1346.97,4,0
310,12656.0,2011-11-22 13:42:00,17,5,253,1,6494.88,5,0
311,12657.0,2011-11-28 15:47:00,11,5,56,3,2134.3,4,0
312,12658.0,2011-11-21 10:22:00,18,5,36,4,686.05,3,0
316,12662.0,2011-12-09 11:59:00,0,5,411,1,7026.87,5,0
318,12664.0,2011-12-01 17:07:00,8,5,46,3,6088.04,5,0
322,12668.0,2011-12-02 15:10:00,7,5,546,1,11508.65,5,0
324,12670.0,2011-11-29 15:23:00,10,5,117,2,3770.19,5,0
327,12673.0,2011-12-04 13:55:00,5,5,74,3,1230.02,3,0
328,12674.0,2011-11-28 12:22:00,11,5,91,2,2021.89,4,0
330,12676.0,2011-11-15 12:25:00,24,4,108,2,2913.09,4,0
333,12679.0,2011-10-18 13:43:00,52,4,56,3,1167.3700000000001,3,0
334,12680.0,2011-12-09 12:50:00,0,5,53,3,880.81,3,0
335,12681.0,2011-11-25 11:35:00,14,5,1494,1,31184.8,5,0
336,12682.0,2011-12-06 10:00:00,3,5,1042,1,24122.01,5,0
337,12683.0,2011-12-05 16:31:00,4,5,561,1,12974.96,5,0
338,12684.0,2011-12-02 09:53:00,7,5,105,2,2283.63,4,0
339,12685.0,2011-11-11 13:46:00,28,4,157,2,2863.08,4,0
343,12689.0,2011-11-14 08:31:00,25,4,72,3,1247.61,3,0
345,12691.0,2011-11-11 16:49:00,28,4,39,3,1170.4,3,0
349,12695.0,2011-12-02 13:22:00,7,5,59,3,1407.1200000000001,4,0
351,12697.0,2011-11-18 16:17:00,21,4,43,3,976.16,3,0
354,12700.0,2011-12-02 10:49:00,7,5,270,1,5011.99,5,0
358,12704.0,2011-12-02 13:15:00,7,5,90,2,2460.84,4,0
359,12705.0,2011-11-24 13:17:00,15,5,626,1,11970.2,5,0
363,12709.0,2011-12-06 16:42:00,3,5,588,1,31874.07,5,0
367,12713.0,2011-12-09 12:16:00,0,5,38,4,848.55,3,0
368,12714.0,2011-11-30 15:43:00,9,5,696,1,14093.71,5,0
370,12716.0,2011-12-06 08:55:00,3,5,69,3,1053.49,3,0
373,12719.0,2011-12-04 13:45:00,5,5,42,3,681.8000000000001,3,0
374,12720.0,2011-12-07 08:03:00,2,5,533,1,8473.46,5,0
377,12723.0,2011-12-06 10:19:00,3,5,69,3,725.07,3,0
378,12724.0,2011-12-04 16:02:00,5,5,129,2,2317.52,4,0
380,12726.0,2011-11-11 13:35:00,28,4,179,2,4014.6,5,0
381,12727.0,2011-11-29 11:46:00,10,5,205,1,5712.53,5,0
401,12747.0,2011-12-07 14:34:00,2,5,265,1,9388.49,5,0
402,12748.0,2011-12-09 12:20:00,0,5,7307,1,63228.65,5,0
403,12749.0,2011-12-06 09:56:00,3,5,398,1,7466.2300000000005,5,0
407,12753.0,2011-12-06 11:40:00,3,5,230,1,21834.77,5,0
411,12757.0,2011-11-24 12:30:00,15,5,377,1,11486.5,5,0
416,12762.0,2011-12-02 10:23:00,7,5,69,3,1898.52,4,0
420,12766.0,2011-12-06 08:46:00,3,5,459,1,10110.130000000001,5,0
429,12775.0,2011-11-22 16:33:00,17,5,82,2,1720.92,4,0
432,12778.0,2011-11-20 11:39:00,19,4,115,2,1793.68,4,0
436,12782.0,2011-12-05 09:16:00,4,5,241,1,4710.4400000000005,5,0
437,12783.0,2011-12-07 15:56:00,2,5,86,2,2847.95,4,0
438,12784.0,2011-11-30 15:38:00,9,5,131,2,1804.75,4,0
439,12785.0,2011-12-07 12:46:00,2,5,58,3,1121.49,3,0
441,12787.0,2011-11-30 08:44:00,9,5,45,3,865.18,3,0
448,12794.0,2011-10-17 14:54:00,53,4,45,3,860.41,3,0
452,12798.0,2011-11-29 15:52:00,10,5,33,4,8510.93,5,0
462,12808.0,2011-11-03 10:05:00,36,4,54,3,906.1,3,0
474,12820.0,2011-12-06 15:12:00,3,5,163,2,2731.1,4,0
480,12826.0,2011-12-07 10:25:00,2,5,171,2,2982.81,4,0
482,12828.0,2011-12-07 08:45:00,2,5,56,3,1018.71,3,0
484,12830.0,2011-11-02 11:54:00,37,4,39,3,6880.88,5,0
493,12839.0,2011-12-07 12:33:00,2,5,586,1,10215.63,5,0
495,12841.0,2011-12-05 11:13:00,4,5,722,1,7690.88,5,0
498,12844.0,2011-11-10 13:31:00,29,4,103,2,648.6,3,0
501,12847.0,2011-11-17 13:16:00,22,4,126,2,1636.8999999999999,4,0
503,12849.0,2011-11-08 13:41:00,31,4,148,2,3090.56,5,0
510,12856.0,2011-12-02 10:52:00,7,5,317,1,2197.18,4,0
517,12863.0,2011-10-18 14:15:00,52,4,49,3,2809.5499999999997,4,0
530,12876.0,2011-10-13 12:26:00,57,4,171,2,4094.9900000000002,5,0
531,12877.0,2011-12-06 10:30:00,3,5,277,1,2955.17,4,0
532,12878.0,2011-11-21 14:30:00,18,5,49,3,868.34,3,0
536,12882.0,2011-11-30 16:18:00,9,5,13,5,1463.04,4,0
537,12883.0,2011-11-15 09:32:00,24,4,42,3,703.47,3,0
544,12890.0,2011-11-15 17:26:00,24,4,139,2,717.27,3,0
555,12901.0,2011-12-01 10:07:00,8,5,125,2,19015.98,5,0
558,12904.0,2011-11-21 14:34:00,18,5,72,3,509.58,2,0
560,12906.0,2011-11-28 09:55:00,11,5,63,3,2919.81,4,0
563,12909.0,2011-10-31 12:43:00,39,4,168,2,3171.61,5,0
564,12910.0,2011-11-16 14:28:00,23,4,138,2,5846.02,5,0
566,12912.0,2011-12-07 08:55:00,2,5,24,4,1662.3,4,0
567,12913.0,2011-12-05 12:11:00,4,5,96,2,6700.860000000001,5,0
573,12919.0,2011-12-01 13:47:00,8,5,52,3,1368.94,4,0
574,12920.0,2011-11-22 15:05:00,17,5,60,3,488.09000000000003,2,0
575,12921.0,2011-12-06 09:56:00,3,5,1612,1,37202.63,5,0
579,12925.0,2011-12-05 11:11:00,4,5,50,3,729.3299999999999,3,0
582,12928.0,2011-11-04 14:24:00,35,4,179,2,4304.89,5,0
587,12933.0,2011-11-15 16:38:00,24,4,300,1,1746.78,4,0
589,12935.0,2011-12-07 17:25:00,2,5,260,1,4305.71,5,0
590,12936.0,2011-11-22 17:32:00,17,5,63,3,1114.9,3,0
591,12937.0,2011-11-24 15:05:00,15,5,217,1,3097.61,5,0
594,12940.0,2011-10-24 14:04:00,46,4,103,2,950.79,3,0
602,12948.0,2011-11-23 17:10:00,16,5,127,2,2328.68,4,0
604,12950.0,2011-12-07 13:17:00,2,5,23,4,1843.0,4,0
605,12951.0,2011-12-01 12:14:00,8,5,201,1,3263.02,5,0
606,12952.0,2011-12-04 10:35:00,5,5,80,2,1392.74,4,0
607,12953.0,2011-11-30 09:24:00,9,5,48,3,828.8100000000001,3,0
609,12955.0,2011-12-08 16:29:00,1,5,183,1,4780.0599999999995,5,0
611,12957.0,2011-12-05 16:32:00,4,5,500,1,8785.52,5,0
617,12963.0,2011-12-01 12:55:00,8,5,197,1,3690.39,5,0
621,12967.0,2011-12-06 14:19:00,3,5,94,2,4773.07,5,0
624,12970.0,2011-12-02 14:30:00,7,5,383,1,1524.97,4,0
625,12971.0,2011-12-06 12:20:00,3,5,429,1,16462.84,5,0
639,12985.0,2011-12-09 10:46:00,0,5,78,2,1263.14,3,0
643,12989.0,2011-12-06 15:28:00,3,5,105,2,14256.7,5,0
645,12991.0,2011-11-16 15:34:00,23,4,45,3,764.82,3,0
647,12993.0,2011-11-16 15:49:00,23,4,82,2,1328.0,4,0
648,12994.0,2011-12-05 15:43:00,4,5,73,3,1046.6200000000001,3,0
651,12997.0,2011-11-17 15:47:00,22,4,121,2,2156.71,4,0
655,13001.0,2011-12-05 14:51:00,4,5,1031,1,24208.15,5,0
658,13004.0,2011-11-28 11:27:00,11,5,857,1,12157.71,5,0
666,13012.0,2011-11-30 13:05:00,9,5,175,2,3354.48,5,0
667,13013.0,2011-12-08 15:01:00,1,5,557,1,12649.720000000001,5,0
668,13014.0,2011-12-07 09:24:00,2,5,242,1,5541.33,5,0
672,13018.0,2011-11-23 13:28:00,16,5,606,1,9783.51,5,0
675,13021.0,2011-12-05 16:37:00,4,5,266,1,4988.1,5,0
680,13026.0,2011-12-08 16:58:00,1,5,86,2,1776.04,4,0
682,13028.0,2011-11-17 11:10:00,22,4,47,3,662.96,3,0
683,13029.0,2011-11-09 09:13:00,30,4,17,4,1927.3,4,0
684,13030.0,2011-11-28 14:30:00,11,5,159,2,1227.22,3,0
686,13032.0,2011-11-01 09:56:00,38,4,219,1,2869.5099999999998,4,0
688,13034.0,2011-10-16 12:21:00,54,4,55,3,922.68,3,0
689,13035.0,2011-10-13 12:23:00,57,4,45,3,1399.45,4,0
694,13040.0,2011-12-01 10:38:00,8,5,43,3,676.99,3,0
700,13046.0,2011-11-09 08:36:00,30,4,56,3,949.25,3,0
702,13048.0,2011-11-25 13:23:00,14,5,273,1,4133.26,5,0
704,13050.0,2011-11-30 17:28:00,9,5,1047,1,12866.62,5,0
718,13064.0,2011-11-27 12:31:00,12,5,94,2,1680.74,4,0
723,13069.0,2011-12-09 08:39:00,0,5,1163,1,10618.79,5,0
731,13077.0,2011-12-08 19:24:00,1,5,354,1,3089.17,5,0
732,13078.0,2011-12-08 18:48:00,1,5,855,1,30181.07,5,0
735,13081.0,2011-12-08 13:13:00,1,5,2430,1,60082.15,5,0
743,13089.0,2011-12-07 09:02:00,2,5,3438,1,120261.53,5,0
744,13090.0,2011-12-01 12:39:00,8,5,291,1,14434.9,5,0
745,13091.0,2011-11-18 16:48:00,21,4,122,2,4773.86,5,0
748,13094.0,2011-11-18 14:07:00,21,4,38,4,2651.5800000000004,4,0
752,13098.0,2011-12-08 14:14:00,1,5,605,1,29106.0,5,0
756,13102.0,2011-12-08 12:52:00,1,5,502,1,11953.72,5,0
758,13104.0,2011-12-06 13:10:00,3,5,30,4,1709.1,4,0
763,13109.0,2011-12-07 12:38:00,2,5,74,3,1160.48,3,0
764,13110.0,2011-11-08 14:30:00,31,4,254,1,3018.77,4,0
767,13113.0,2011-12-09 12:49:00,0,5,498,1,20651.21,5,0
769,13115.0,2011-12-01 09:39:00,8,5,331,1,5614.95,5,0
771,13117.0,2011-11-18 12:02:00,21,4,189,1,2645.5099999999998,4,0
772,13118.0,2011-11-20 12:46:00,19,4,152,2,2496.7200000000003,4,0
780,13126.0,2011-12-05 10:00:00,4,5,260,1,4094.03,5,0
785,13131.0,2011-11-16 13:21:00,23,4,151,2,3347.77,5,0
791,13137.0,2011-11-29 12:09:00,10,5,1442,1,7758.03,5,0
792,13138.0,2011-11-17 16:51:00,22,4,100,2,1479.99,4,0
793,13139.0,2011-11-23 13:54:00,16,5,269,1,8212.13,5,0
803,13149.0,2011-11-25 13:09:00,14,5,86,2,1676.06,4,0
809,13155.0,2011-11-06 15:41:00,33,4,164,2,1750.18,4,0
813,13159.0,2011-12-01 11:20:00,8,5,122,2,1495.95,4,0
819,13165.0,2011-10-24 15:05:00,46,4,49,3,1451.16,4,0
821,13167.0,2011-11-21 12:24:00,18,5,81,2,1125.15,3,0
822,13168.0,2011-11-03 12:56:00,36,4,182,1,1884.36,4,0
825,13171.0,2011-12-01 15:06:00,8,5,48,3,510.01,2,0
827,13173.0,2011-12-05 15:51:00,4,5,252,1,2658.2000000000003,4,0
828,13174.0,2011-11-23 14:35:00,16,5,1132,1,9494.84,5,0
837,13183.0,2011-12-02 10:30:00,7,5,161,2,7061.4800000000005,5,0
838,13184.0,2011-11-25 12:02:00,14,5,183,1,1753.79,4,0
840,13186.0,2011-10-31 11:40:00,39,4,84,2,1612.0900000000001,4,0
850,13196.0,2011-11-28 13:54:00,11,5,190,1,3078.04,5,0
852,13198.0,2011-11-29 15:17:00,10,5,322,1,5036.18,5,0
853,13199.0,2011-12-06 12:30:00,3,5,209,1,16460.8,5,0
854,13200.0,2011-11-20 15:35:00,19,4,46,3,870.09,3,0
857,13203.0,2011-11-30 10:45:00,9,5,170,2,2665.95,4,0
862,13208.0,2011-10-12 09:54:00,58,4,255,1,2006.5,4,0
865,13211.0,2011-11-29 14:43:00,10,5,209,1,2751.77,4,0
866,13212.0,2011-11-30 15:12:00,9,5,143,2,795.58,3,0
879,13225.0,2011-12-06 13:29:00,3,5,127,2,16640.87,5,0
884,13230.0,2011-12-05 16:03:00,4,5,1340,1,6404.34,5,0
886,13232.0,2011-11-27 10:39:00,12,5,207,1,1357.6,4,0
890,13236.0,2011-11-15 12:50:00,24,4,39,3,762.4300000000001,3,0
892,13238.0,2011-11-28 15:30:00,11,5,48,3,1026.53,3,0
899,13245.0,2011-10-20 11:40:00,50,4,45,3,989.22,3,0
900,13246.0,2011-11-21 16:50:00,18,5,385,1,3497.18,5,0
909,13255.0,2011-12-06 10:56:00,3,5,33,4,913.31,3,0
912,13258.0,2011-11-28 09:31:00,11,5,46,3,1035.18,3,0
917,13263.0,2011-12-08 13:59:00,1,5,1920,1,8704.69,5,0
919,13265.0,2011-10-17 15:02:00,53,4,91,2,2107.66,4,0
920,13266.0,2011-11-28 14:39:00,11,5,327,1,6304.78,5,0
921,13267.0,2011-12-07 11:12:00,2,5,453,1,10004.31,5,0
922,13268.0,2011-11-22 11:51:00,17,5,447,1,3261.74,5,0
923,13269.0,2011-12-08 14:53:00,1,5,503,1,8922.01,5,0
932,13278.0,2011-10-30 11:49:00,40,4,109,2,1443.5,4,0
936,13282.0,2011-11-21 15:33:00,18,5,54,3,1397.49,4,0
946,13292.0,2011-11-01 10:04:00,38,4,60,3,1001.23,3,0
951,13297.0,2011-12-02 09:32:00,7,5,124,2,4384.57,5,0
959,13305.0,2011-12-05 15:15:00,4,5,206,1,3754.71,5,0
962,13308.0,2011-11-17 09:31:00,22,4,74,3,1688.27,4,0
963,13309.0,2011-12-02 16:34:00,7,5,130,2,1706.3700000000001,4,0
964,13310.0,2011-12-01 08:23:00,8,5,100,2,1589.6000000000001,4,0
968,13314.0,2011-12-08 12:29:00,1,5,75,3,973.22,3,0
970,13316.0,2011-11-02 13:40:00,37,4,177,2,13476.210000000001,5,0
972,13318.0,2011-12-08 18:51:00,1,5,20,4,640.76,3,0
973,13319.0,2011-12-04 13:34:00,5,5,998,1,22458.91,5,0
977,13323.0,2011-12-06 17:12:00,3,5,21,4,787.85,3,0
978,13324.0,2011-11-07 15:51:00,32,4,139,2,10605.57,5,0
983,13329.0,2011-11-08 10:29:00,31,4,132,2,5248.92,5,0
1004,13350.0,2011-11-23 16:33:00,16,5,43,3,1047.52,3,0
1016,13362.0,2011-12-06 13:57:00,3,5,304,1,5430.57,5,0
1017,13363.0,2011-11-22 12:40:00,17,5,102,2,1723.86,4,0
1019,13365.0,2011-12-01 08:39:00,8,5,134,2,2286.42,4,0
1033,13379.0,2011-11-13 13:45:00,26,4,97,2,572.56,2,0
1043,13389.0,2011-11-28 14:01:00,11,5,51,3,797.96,3,0
1048,13394.0,2011-12-08 11:36:00,1,5,423,1,6919.52,5,0
1050,13396.0,2011-11-18 09:42:00,21,4,47,3,1396.69,4,0
1062,13408.0,2011-12-08 09:05:00,1,5,874,1,52614.072,5,0
1064,13410.0,2011-12-01 08:58:00,8,5,53,3,2231.41,4,0
1071,13417.0,2011-12-05 08:49:00,4,5,82,2,1745.09,4,0
1072,13418.0,2011-11-28 10:23:00,11,5,575,1,12551.04,5,0
1076,13422.0,2011-10-19 13:45:00,51,4,128,2,2651.05,4,0
1080,13426.0,2011-12-09 08:59:00,0,5,345,1,8258.0,5,0
1081,13427.0,2011-11-20 13:02:00,19,4,52,3,1006.53,3,0
1082,13428.0,2011-11-29 14:20:00,10,5,144,2,499.98,2,0
1083,13429.0,2011-11-29 09:10:00,10,5,67,3,1006.8,3,0
1084,13430.0,2011-11-21 08:19:00,18,5,54,3,710.21,3,0
1089,13435.0,2011-12-04 14:59:00,5,5,154,2,4490.63,5,0
1091,13437.0,2011-11-25 14:00:00,14,5,167,2,3408.06,5,0
1101,13447.0,2011-11-16 13:38:00,23,4,62,3,1154.05,3,0
1102,13448.0,2011-11-23 12:33:00,16,5,564,1,10033.99,5,0
1104,13450.0,2011-11-13 11:54:00,26,4,148,2,4122.54,5,0
1109,13455.0,2011-11-15 11:21:00,24,4,164,2,3038.04,4,0
1110,13456.0,2011-11-22 09:18:00,17,5,65,3,1795.6200000000001,4,0
1112,13458.0,2011-12-02 15:29:00,7,5,497,1,12067.92,5,0
1115,13461.0,2011-11-01 09:01:00,38,4,66,3,4181.5,5,0
1118,13464.0,2011-10-12 15:01:00,58,4,152,2,3111.39,5,0
1121,13467.0,2011-11-29 10:01:00,10,5,99,2,1083.71,3,0
1122,13468.0,2011-12-08 10:39:00,1,5,750,1,13689.41,5,0
1125,13471.0,2011-12-08 15:44:00,1,5,260,1,2531.58,4,0
1131,13477.0,2011-11-02 12:04:00,37,4,160,2,2847.22,4,0
1141,13487.0,2011-10-13 12:07:00,57,4,49,3,846.87,3,0
1142,13488.0,2011-11-22 14:41:00,17,5,731,1,15662.03,5,0
1149,13495.0,2011-12-02 11:21:00,7,5,159,2,5501.91,5,0
1150,13496.0,2011-11-29 10:58:00,10,5,36,4,688.73,3,0
1153,13499.0,2011-11-22 11:21:00,17,5,45,3,1171.26,3,0
1154,13500.0,2011-11-16 15:35:00,23,4,87,2,1496.3,4,0
1156,13502.0,2011-11-23 10:39:00,16,5,34,4,786.4,3,0
1161,13507.0,2011-12-06 13:13:00,3,5,162,2,2479.16,4,0
1163,13509.0,2011-12-01 10:10:00,8,5,49,3,1114.72,3,0
1164,13510.0,2011-12-08 13:46:00,1,5,302,1,4628.19,5,0
1170,13516.0,2011-11-18 13:15:00,21,4,61,3,1685.26,4,0
1175,13521.0,2011-12-08 13:50:00,1,5,436,1,1093.65,3,0
1188,13534.0,2011-12-07 14:52:00,2,5,461,1,8117.3,5,0
1190,13536.0,2011-12-08 16:38:00,1,5,179,2,3448.29,5,0
1192,13538.0,2011-10-27 16:34:00,43,4,144,2,3112.73,5,0
1198,13544.0,2011-10-31 11:57:00,39,4,259,1,837.5,3,0
1200,13546.0,2011-11-27 14:50:00,12,5,153,2,1092.14,3,0
1203,13549.0,2011-11-14 09:20:00,25,4,60,3,1007.88,3,0
1212,13558.0,2011-12-04 11:24:00,5,5,175,2,605.06,2,0
1220,13566.0,2011-10-30 11:59:00,40,4,374,1,1708.1200000000001,4,0
1223,13569.0,2011-11-22 13:07:00,17,5,214,1,893.78,3,0
1225,13571.0,2011-11-27 10:47:00,12,5,676,1,4546.54,5,0
1227,13573.0,2011-10-20 14:33:00,50,4,89,2,916.47,3,0
1229,13575.0,2011-11-16 13:14:00,23,4,46,3,732.0699999999999,3,0
1230,13576.0,2011-11-29 15:34:00,10,5,290,1,11587.33,5,0
1231,13577.0,2011-11-14 15:19:00,25,4,174,2,3631.94,5,0
1233,13579.0,2011-11-25 08:41:00,14,5,92,2,1542.24,4,0
1241,13587.0,2011-11-08 11:17:00,31,4,33,4,2038.9,4,0
1242,13588.0,2011-11-24 10:42:00,15,5,180,2,2512.78,4,0
1243,13589.0,2011-11-25 12:10:00,14,5,52,3,1120.74,3,0
1244,13590.0,2011-11-28 12:54:00,11,5,415,1,6400.89,5,0
1250,13596.0,2011-12-04 12:01:00,5,5,166,2,697.04,3,0
1252,13598.0,2011-10-23 14:35:00,47,4,100,2,802.34,3,0
1253,13599.0,2011-12-08 19:26:00,1,5,442,1,10544.92,5,0
1255,13601.0,2011-10-25 17:31:00,45,4,195,1,1185.14,3,0
1261,13607.0,2011-10-30 16:17:00,40,4,123,2,1096.01,3,0
1264,13610.0,2011-11-27 15:38:00,12,5,419,1,2207.63,4,0
1268,13614.0,2011-11-15 14:47:00,24,4,271,1,2359.19,4,0
1271,13617.0,2011-10-30 13:50:00,40,4,108,2,1293.7,4,0
1277,13623.0,2011-11-09 12:00:00,30,4,303,1,2686.62,4,0
1283,13629.0,2011-11-16 13:21:00,23,4,87,2,13370.86,5,0
1284,13630.0,2011-12-04 15:16:00,5,5,80,2,2067.88,4,0
1290,13636.0,2011-11-03 10:30:00,36,4,64,3,956.62,3,0
1291,13637.0,2011-10-18 13:32:00,52,4,101,2,810.5,3,0
1297,13643.0,2011-11-08 15:37:00,31,4,107,2,2201.37,4,0
1298,13644.0,2011-12-01 08:18:00,8,5,148,2,2651.0,4,0
1301,13647.0,2011-11-30 12:00:00,9,5,141,2,3079.58,5,0
1304,13650.0,2011-11-23 12:22:00,16,5,184,1,3477.5,5,0
1306,13652.0,2011-10-25 08:51:00,45,4,159,2,2570.85,4,0
1312,13658.0,2011-11-30 10:13:00,9,5,245,1,6278.93,5,0
1322,13668.0,2011-12-07 12:14:00,2,5,812,1,13430.74,5,0
1327,13673.0,2011-11-21 12:11:00,18,5,65,3,396.92,2,0
1334,13680.0,2011-12-08 13:47:00,1,5,673,1,12955.78,5,0
1335,13681.0,2011-11-22 11:13:00,17,5,57,3,827.83,3,0
1339,13685.0,2011-12-07 11:41:00,2,5,39,3,3119.44,5,0
1346,13692.0,2011-11-15 11:17:00,24,4,99,2,3212.35,5,0
1348,13694.0,2011-12-06 09:32:00,3,5,1558,1,202140.1,5,0
1349,13695.0,2011-11-08 14:26:00,31,4,96,2,2770.73,4,0
1354,13700.0,2011-11-13 13:00:00,26,4,247,1,2640.71,4,0
1358,13704.0,2011-12-04 15:13:00,5,5,135,2,2320.81,4,0
1359,13705.0,2011-12-02 12:32:00,7,5,84,2,2035.33,4,0
1363,13709.0,2011-12-06 10:28:00,3,5,418,1,7670.6900000000005,5,0
1371,13717.0,2011-11-07 14:13:00,32,4,127,2,1778.55,4,0
1373,13719.0,2011-11-24 15:26:00,15,5,251,1,2815.25,4,0
1375,13721.0,2011-11-03 14:05:00,36,4,42,3,741.54,3,0
1379,13725.0,2011-10-21 10:03:00,49,4,118,2,2151.31,4,0
1380,13726.0,2011-11-01 10:49:00,38,4,42,3,1079.6599999999999,3,0
1381,13727.0,2011-11-11 09:46:00,28,4,85,2,1092.8,3,0
1382,13728.0,2011-11-03 10:49:00,36,4,164,2,2855.17,4,0
1390,13736.0,2011-12-04 15:19:00,5,5,568,1,2817.41,4,0
1396,13742.0,2011-11-23 11:07:00,16,5,323,1,3159.62,5,0
1397,13743.0,2011-12-07 10:09:00,2,5,42,3,1343.05,4,0
1404,13750.0,2011-10-17 12:16:00,53,4,77,3,3640.76,5,0
1409,13755.0,2011-12-06 12:26:00,3,5,343,1,2168.02,4,0
1410,13756.0,2011-12-07 16:44:00,2,5,350,1,9267.800000000001,5,0
1412,13758.0,2011-11-28 11:11:00,11,5,315,1,9570.82,5,0
1414,13760.0,2011-10-16 16:13:00,54,4,120,2,1368.6399999999999,4,0
1415,13761.0,2011-10-20 14:01:00,50,4,122,2,1952.17,4,0
1421,13767.0,2011-12-07 15:00:00,2,5,841,1,35965.380000000005,5,0
1423,13769.0,2011-12-07 15:08:00,2,5,297,1,5834.21,5,0
1431,13777.0,2011-12-09 12:25:00,0,5,434,1,56940.270000000004,5,0
1434,13780.0,2011-12-02 13:49:00,7,5,100,2,735.82,3,0
1436,13782.0,2011-11-27 11:54:00,12,5,245,1,1801.67,4,0
1438,13784.0,2011-11-30 09:33:00,9,5,45,3,2923.2799999999997,4,0
1444,13790.0,2011-12-05 15:48:00,4,5,45,3,348.8,2,0
1445,13791.0,2011-10-27 14:38:00,43,4,17,4,1984.32,4,0
1452,13798.0,2011-12-08 15:51:00,1,5,914,1,78100.27,5,0
1458,13804.0,2011-11-09 12:32:00,30,4,169,2,3208.52,5,0
1462,13808.0,2011-12-04 12:18:00,5,5,76,3,1747.66,4,0
1464,13810.0,2011-11-11 08:33:00,28,4,36,4,2098.51,4,0
1467,13813.0,2011-10-31 10:38:00,39,4,153,2,2844.52,4,0
1468,13814.0,2011-10-14 16:57:00,56,4,81,2,2275.57,4,0
1476,13822.0,2011-12-04 12:13:00,5,5,96,2,632.0,3,0
1477,13823.0,2011-11-21 10:22:00,18,5,166,2,3448.35,5,0
1478,13824.0,2011-11-07 12:41:00,32,4,104,2,3356.16,5,0
1481,13827.0,2011-10-13 12:38:00,57,4,93,2,412.05,2,0
1485,13831.0,2011-11-23 15:41:00,16,5,191,1,7037.98,5,0
1486,13832.0,2011-11-22 12:31:00,17,5,58,3,624.9399999999999,3,0
1489,13835.0,2011-11-14 15:37:00,25,4,73,3,1145.72,3,0
1492,13838.0,2011-12-04 11:00:00,5,5,472,1,1966.09,4,0
1500,13846.0,2011-11-15 12:07:00,24,4,84,2,1325.24,4,0
1507,13853.0,2011-12-01 08:12:00,8,5,24,4,1123.34,3,0
1508,13854.0,2011-12-01 09:06:00,8,5,187,1,12349.71,5,0
1514,13860.0,2011-12-08 12:57:00,1,5,77,3,1251.8,3,0
1516,13862.0,2011-11-21 16:24:00,18,5,163,2,2578.14,4,0
1521,13867.0,2011-11-08 15:48:00,31,4,61,3,1015.29,3,0
1522,13868.0,2011-12-02 16:32:00,7,5,33,4,3192.54,5,0
1524,13870.0,2011-12-07 13:23:00,2,5,245,1,5734.32,5,0
1532,13878.0,2011-10-16 12:19:00,54,4,107,2,2473.06,4,0
1535,13881.0,2011-12-06 12:50:00,3,5,467,1,45965.7,5,0
1536,13882.0,2011-12-07 11:16:00,2,5,66,3,1250.98,3,0
1537,13883.0,2011-12-08 19:20:00,1,5,336,1,6777.3,5,0
1538,13884.0,2011-12-02 16:30:00,7,5,194,1,1924.58,4,0
1544,13890.0,2011-12-08 15:36:00,1,5,183,1,2996.03,4,0
1546,13892.0,2011-11-13 11:50:00,26,4,36,4,1267.6499999999999,4,0
1551,13897.0,2011-10-20 14:30:00,50,4,59,3,1160.72,3,0
1568,13914.0,2011-12-06 10:54:00,3,5,34,4,638.95,3,0
1573,13919.0,2011-10-17 15:24:00,53,4,82,2,1395.33,4,0
1578,13924.0,2011-12-08 09:39:00,1,5,137,2,1995.6200000000001,4,0
1579,13925.0,2011-11-03 13:00:00,36,4,45,3,739.85,3,0
1593,13939.0,2011-11-16 13:33:00,23,4,113,2,1588.26,4,0
1594,13940.0,2011-11-22 15:15:00,17,5,49,3,839.14,3,0
1595,13941.0,2011-11-18 09:43:00,21,4,108,2,11398.45,5,0
1603,13949.0,2011-12-07 09:35:00,2,5,160,2,2427.32,4,0
1604,13950.0,2011-11-28 14:44:00,11,5,36,4,761.56,3,0
1607,13953.0,2011-12-02 16:04:00,7,5,25,4,6640.68,5,0
1610,13956.0,2011-12-04 13:20:00,5,5,152,2,1026.42,3,0
1623,13969.0,2011-12-02 15:11:00,7,5,1115,1,13518.97,5,0
1625,13971.0,2011-12-01 08:27:00,8,5,265,1,4741.31,5,0
1628,13974.0,2011-10-21 14:41:00,49,4,45,3,691.92,3,0
1638,13984.0,2011-11-13 12:38:00,26,4,94,2,2481.08,4,0
1639,13985.0,2011-12-05 17:06:00,4,5,485,1,10059.41,5,0
1645,13991.0,2011-11-27 16:18:00,12,5,86,2,861.31,3,0
1648,13994.0,2011-12-06 11:05:00,3,5,155,2,2313.14,4,0
1649,13995.0,2011-11-24 14:22:00,15,5,238,1,3967.76,5,0
1653,13999.0,2011-11-29 13:40:00,10,5,475,1,9566.51,5,0
1655,14001.0,2011-10-25 10:31:00,45,4,113,2,4542.84,5,0
1659,14005.0,2011-11-30 12:41:00,9,5,84,2,2874.72,4,0
1673,14019.0,2011-10-24 10:13:00,46,4,68,3,1444.26,4,0
1674,14020.0,2011-11-23 09:22:00,16,5,76,3,1284.76,4,0
1684,14030.0,2011-11-21 16:48:00,18,5,870,1,8378.99,5,0
1685,14031.0,2011-12-02 17:13:00,7,5,805,1,43972.37,5,0
1686,14032.0,2011-12-07 15:23:00,2,5,255,1,4914.47,5,0
1688,14034.0,2011-11-17 14:02:00,22,4,92,2,791.62,3,0
1689,14035.0,2011-11-11 10:03:00,28,4,154,2,2860.97,4,0
1701,14047.0,2011-12-01 11:43:00,8,5,171,2,4351.33,5,0
1703,14049.0,2011-11-23 12:20:00,16,5,1107,1,13414.03,5,0
1704,14050.0,2011-11-08 10:00:00,31,4,54,3,746.36,3,0
1705,14051.0,2011-12-09 10:20:00,0,5,344,1,22763.5,5,0
1706,14052.0,2011-11-20 12:30:00,19,4,125,2,480.81,2,0
1710,14056.0,2011-12-08 13:36:00,1,5,1128,1,8304.9,5,0
1714,14060.0,2011-12-05 12:29:00,4,5,272,1,9535.02,5,0
1716,14062.0,2011-11-30 10:04:00,9,5,348,1,25773.57,5,0
1725,14071.0,2011-12-06 12:27:00,3,5,333,1,1570.23,4,0
1729,14075.0,2011-12-05 08:38:00,4,5,81,2,1734.87,4,0
1734,14080.0,2011-11-07 11:09:00,32,4,84,2,1155.63,3,0
1737,14083.0,2011-12-05 13:14:00,4,5,255,1,1407.26,4,0
1739,14085.0,2011-12-07 13:46:00,2,5,1069,1,10117.72,5,0
1741,14087.0,2011-12-07 12:41:00,2,5,223,1,888.97,3,0
1742,14088.0,2011-11-29 16:16:00,10,5,686,1,65673.58,5,0
1746,14092.0,2011-12-02 12:13:00,7,5,377,1,7249.16,5,0
1747,14093.0,2011-11-27 16:27:00,12,5,105,2,442.85,2,0
1750,14096.0,2011-12-05 17:17:00,4,5,5128,1,73208.67,5,0
1753,14099.0,2011-11-23 13:53:00,16,5,530,1,5830.91,5,0
1756,14102.0,2011-12-04 15:38:00,5,5,84,2,1405.83,4,0
1762,14108.0,2011-11-09 10:41:00,30,4,55,3,1048.71,3,0
1764,14110.0,2011-12-06 12:26:00,3,5,403,1,13018.300000000001,5,0
1767,14113.0,2011-12-06 12:18:00,3,5,145,2,8028.47,5,0
1770,14116.0,2011-11-20 10:29:00,19,4,72,3,1382.74,4,0
1775,14121.0,2011-12-06 12:19:00,3,5,161,2,2820.0,4,0
1779,14125.0,2011-11-29 12:47:00,10,5,167,2,2740.43,4,0
1780,14126.0,2011-12-02 11:45:00,7,5,44,3,1234.96,3,0
1783,14129.0,2011-12-08 11:02:00,1,5,109,2,2591.34,4,0
1786,14132.0,2011-12-07 13:35:00,2,5,201,1,3591.93,5,0
1789,14135.0,2011-12-08 11:38:00,1,5,257,1,9682.79,5,0
1792,14138.0,2011-12-08 12:44:00,1,5,47,3,982.3800000000001,3,0
1793,14139.0,2011-10-24 13:34:00,46,4,69,3,1086.8,3,0
1794,14140.0,2011-12-06 09:05:00,3,5,67,3,950.05,3,0
1795,14141.0,2011-12-07 09:53:00,2,5,46,3,951.23,3,0
1799,14145.0,2011-10-24 12:10:00,46,4,26,4,8194.05,5,0
1800,14146.0,2011-12-01 10:18:00,8,5,491,1,10691.73,5,0
1801,14147.0,2011-10-21 13:36:00,49,4,33,4,3161.1,5,0
1810,14156.0,2011-11-30 10:54:00,9,5,4130,1,331328.05,5,0
1811,14157.0,2011-11-20 11:32:00,19,4,90,2,1035.23,3,0
1821,14167.0,2011-10-31 14:29:00,39,4,121,2,1296.49,4,0
1832,14178.0,2011-12-01 12:01:00,8,5,327,1,1620.93,4,0
1833,14179.0,2011-10-30 12:07:00,40,4,165,2,719.78,3,0
1834,14180.0,2011-11-29 10:56:00,10,5,312,1,6527.75,5,0
1842,14188.0,2011-12-01 09:46:00,8,5,71,3,2089.81,4,0
1843,14189.0,2011-12-07 15:55:00,2,5,328,1,5864.16,5,0
1845,14191.0,2011-12-08 09:23:00,1,5,271,1,4921.91,5,0
1848,14194.0,2011-12-05 10:38:00,4,5,986,1,18898.31,5,0
1852,14198.0,2011-12-05 16:34:00,4,5,97,2,1611.88,4,0
1858,14204.0,2011-12-07 13:38:00,2,5,232,1,1062.96,3,0
1859,14205.0,2011-11-29 11:56:00,10,5,154,2,2920.02,4,0
1863,14209.0,2011-11-29 10:18:00,10,5,237,1,5049.17,5,0
1868,14214.0,2011-11-09 10:31:00,30,4,70,3,1008.53,3,0
1869,14215.0,2011-11-28 12:19:00,11,5,193,1,3428.13,5,0
1870,14216.0,2011-12-06 14:56:00,3,5,79,2,2157.69,4,0
1871,14217.0,2011-12-08 11:53:00,1,5,192,1,3626.91,5,0
1873,14219.0,2011-12-05 16:23:00,4,5,43,3,633.83,3,0
1880,14226.0,2011-11-11 11:34:00,28,4,105,2,3037.28,4,0
1883,14229.0,2011-10-19 10:04:00,51,4,78,2,2719.09,4,0
1886,14232.0,2011-11-08 12:17:00,31,4,118,2,2052.21,4,0
1887,14233.0,2011-10-27 09:25:00,43,4,77,3,3041.58,4,0
1888,14234.0,2011-11-17 17:53:00,22,4,159,2,775.46,3,0
1889,14235.0,2011-11-29 13:26:00,10,5,149,2,4768.99,5,0
1894,14240.0,2011-11-09 13:45:00,30,4,61,3,1247.49,3,0
1897,14243.0,2011-12-01 11:12:00,8,5,382,1,7496.74,5,0
1904,14250.0,2011-12-02 14:30:00,7,5,111,2,1904.05,4,0
1905,14251.0,2011-12-08 08:32:00,1,5,78,2,2879.7000000000003,4,0
1912,14258.0,2011-11-30 15:27:00,9,5,312,1,33075.33,5,0
1915,14261.0,2011-10-20 10:04:00,50,4,52,3,1163.45,3,0
1916,14262.0,2011-12-01 14:17:00,8,5,143,2,2618.23,4,0
1931,14277.0,2011-11-24 15:01:00,15,5,468,1,30127.15,5,0
1936,14282.0,2011-12-06 17:04:00,3,5,255,1,7854.66,5,0
1938,14284.0,2011-11-09 08:11:00,30,4,69,3,1316.45,4,0
1939,14285.0,2011-11-18 14:50:00,21,4,62,3,3410.2000000000003,5,0
1943,14289.0,2011-12-01 11:44:00,8,5,47,3,911.26,3,0
1944,14290.0,2011-11-28 14:02:00,11,5,172,2,4824.1900000000005,5,0
1945,14291.0,2011-12-08 10:26:00,1,5,497,1,7963.8,5,0
1946,14292.0,2011-12-02 11:50:00,7,5,207,1,9564.6,5,0
1947,14293.0,2011-12-06 15:17:00,3,5,135,2,3361.53,5,0
1949,14295.0,2011-10-30 15:50:00,40,4,76,3,2409.76,4,0
1951,14297.0,2011-11-22 09:06:00,17,5,64,3,1326.6,4,0
1952,14298.0,2011-12-06 15:04:00,3,5,2868,1,91899.67,5,0
1953,14299.0,2011-12-01 16:05:00,8,5,371,1,16171.21,5,0
1960,14306.0,2011-10-19 13:23:00,51,4,48,3,3161.3,5,0
1963,14309.0,2011-12-01 13:33:00,8,5,195,1,3813.66,5,0
1966,14312.0,2011-10-24 09:46:00,46,4,180,2,3090.29,5,0
1969,14315.0,2011-11-18 15:35:00,21,4,137,2,3226.92,5,0
1975,14321.0,2011-11-29 09:47:00,10,5,181,1,2237.54,4,0
1983,14329.0,2011-12-01 08:27:00,8,5,572,1,10118.92,5,0
1986,14332.0,2011-11-17 11:54:00,22,4,63,3,1943.51,4,0
1988,14334.0,2011-11-23 10:01:00,16,5,260,1,4343.98,5,0
1989,14335.0,2011-11-23 13:41:00,16,5,63,3,468.26,2,0
1990,14336.0,2011-11-23 11:40:00,16,5,90,2,1614.91,4,0
2013,14359.0,2011-11-20 13:17:00,19,4,58,3,941.78,3,0
2014,14360.0,2011-11-08 09:12:00,31,4,118,2,2128.23,4,0
2021,14367.0,2011-12-01 13:19:00,8,5,533,1,9355.22,5,0
2033,14379.0,2011-10-26 16:43:00,44,4,129,2,1268.91,4,0
2035,14381.0,2011-10-18 17:10:00,52,4,114,2,631.34,3,0
2036,14382.0,2011-11-13 16:18:00,26,4,303,1,1252.75,3,0
2037,14383.0,2011-11-01 15:53:00,38,4,59,3,1247.69,3,0
2041,14387.0,2011-11-07 12:29:00,32,4,140,2,1770.56,4,0
2042,14388.0,2011-12-01 11:13:00,8,5,428,1,6812.7,5,0
2043,14389.0,2011-12-01 09:19:00,8,5,118,2,1974.95,4,0
2044,14390.0,2011-11-29 13:49:00,10,5,499,1,6476.33,5,0
2049,14395.0,2011-12-07 14:34:00,2,5,822,1,8255.210000000001,5,0
2051,14397.0,2011-12-09 09:57:00,0,5,95,2,2669.24,4,0
2055,14401.0,2011-12-05 13:30:00,4,5,270,1,6888.4,5,0
2058,14404.0,2011-11-06 12:30:00,33,4,213,1,2998.11,4,0
2062,14408.0,2011-11-29 11:41:00,10,5,129,2,4109.77,5,0
2064,14410.0,2011-11-24 11:16:00,15,5,487,1,3179.91,5,0
2066,14412.0,2011-11-04 13:14:00,35,4,86,2,1434.8899999999999,4,0
2069,14415.0,2011-12-08 14:38:00,1,5,1301,1,12268.07,5,0
2072,14418.0,2011-12-06 11:39:00,3,5,124,2,1937.25,4,0
2073,14419.0,2011-11-29 11:22:00,10,5,229,1,1260.91,3,0
2075,14421.0,2011-10-13 13:24:00,57,4,97,2,2482.12,4,0
2076,14422.0,2011-12-09 11:26:00,0,5,555,1,10342.12,5,0
2080,14426.0,2011-11-21 11:47:00,18,5,651,1,12351.91,5,0
2081,14427.0,2011-10-20 14:23:00,50,4,44,3,1263.52,4,0
2082,14428.0,2011-12-02 13:17:00,7,5,148,2,1259.52,3,0
2086,14432.0,2011-11-30 08:04:00,9,5,382,1,2255.51,4,0
2094,14440.0,2011-12-01 15:42:00,8,5,143,2,6750.63,5,0
2095,14441.0,2011-12-09 09:07:00,0,5,165,2,4861.79,5,0
2096,14442.0,2011-12-08 11:53:00,1,5,190,1,5462.0199999999995,5,0
2097,14443.0,2011-10-17 10:10:00,53,4,161,2,2421.36,4,0
2100,14446.0,2011-12-09 11:34:00,0,5,339,1,1241.31,3,0
2101,14447.0,2011-11-21 08:28:00,18,5,106,2,1711.73,4,0
2103,14449.0,2011-11-21 12:06:00,18,5,546,1,2482.8,4,0
2106,14452.0,2011-11-29 12:06:00,10,5,132,2,665.59,3,0
2110,14456.0,2011-12-04 13:59:00,5,5,977,1,3077.17,5,0
2121,14467.0,2011-11-22 12:48:00,17,5,308,1,2220.9900000000002,4,0
2124,14470.0,2011-11-28 10:31:00,11,5,60,3,712.04,3,0
2128,14474.0,2011-10-27 12:57:00,43,4,133,2,1288.03,4,0
2131,14477.0,2011-11-20 11:11:00,19,4,17,4,1978.5900000000001,4,0
2134,14480.0,2011-11-28 16:35:00,11,5,66,3,1303.77,4,0
2136,14482.0,2011-11-21 13:14:00,18,5,255,1,4523.57,5,0
2138,14484.0,2011-10-20 14:11:00,50,4,53,3,1070.98,3,0
2141,14487.0,2011-11-13 12:17:00,26,4,192,1,1479.11,4,0
2142,14488.0,2011-10-19 14:39:00,51,4,49,3,1081.1299999999999,3,0
2147,14493.0,2011-12-02 16:14:00,7,5,370,1,5224.25,5,0
2153,14499.0,2011-11-13 13:01:00,26,4,322,1,2157.32,4,0
2156,14502.0,2011-11-20 11:50:00,19,4,631,1,2590.32,4,0
2157,14503.0,2011-12-06 13:30:00,3,5,164,2,3543.26,5,0
2158,14504.0,2011-10-23 16:00:00,47,4,107,2,673.26,3,0
2159,14505.0,2011-11-22 15:45:00,17,5,1626,1,12284.880000000001,5,0
2160,14506.0,2011-11-22 13:02:00,17,5,472,1,3290.67,5,0
2162,14508.0,2011-11-17 19:48:00,22,4,189,1,893.79,3,0
2165,14511.0,2011-11-28 17:05:00,11,5,71,3,1362.21,4,0
2169,14515.0,2011-11-22 11:37:00,17,5,180,2,3779.62,5,0
2176,14522.0,2011-11-15 13:24:00,24,4,46,3,1758.6200000000001,4,0
2178,14524.0,2011-11-08 12:29:00,31,4,328,1,2933.71,4,0
2179,14525.0,2011-12-01 08:53:00,8,5,550,1,8351.47,5,0
2181,14527.0,2011-12-07 12:19:00,2,5,2837,1,29810.06,5,0
2187,14533.0,2011-11-15 12:05:00,24,4,94,2,3747.62,5,0
2188,14534.0,2011-12-07 12:19:00,2,5,776,1,6755.8,5,0
2194,14540.0,2011-11-30 10:15:00,9,5,274,1,3805.2400000000002,5,0
2195,14541.0,2011-10-12 10:08:00,58,4,181,1,2499.68,4,0
2197,14543.0,2011-12-06 10:32:00,3,5,275,1,17619.53,5,0
2198,14544.0,2011-11-15 15:06:00,24,4,192,1,2982.43,4,0
2200,14546.0,2011-12-05 16:33:00,4,5,834,1,5394.77,5,0
2201,14547.0,2011-12-06 11:06:00,3,5,367,1,4028.34,5,0
2204,14550.0,2011-11-29 12:12:00,10,5,98,2,1353.31,4,0
2205,14551.0,2011-11-21 13:36:00,18,5,82,2,901.49,3,0
2207,14553.0,2011-11-20 13:20:00,19,4,301,1,1867.04,4,0
2208,14554.0,2011-11-29 16:44:00,10,5,216,1,2381.04,4,0
2209,14555.0,2011-10-13 16:24:00,57,4,121,2,2324.78,4,0
2214,14560.0,2011-12-02 15:22:00,7,5,202,1,6177.62,5,0
2216,14562.0,2011-12-06 11:05:00,3,5,634,1,7094.95,5,0
2221,14567.0,2011-11-04 13:57:00,35,4,34,4,1536.26,4,0
2226,14572.0,2011-12-06 14:40:00,3,5,530,1,5657.08,5,0
2231,14577.0,2011-11-27 12:47:00,12,5,185,1,1374.25,4,0
2235,14581.0,2011-11-23 12:39:00,16,5,65,3,433.8,2,0
2237,14583.0,2011-12-04 12:32:00,5,5,506,1,1781.03,4,0
2239,14585.0,2011-10-20 14:33:00,50,4,111,2,1143.27,3,0
2241,14587.0,2011-11-21 11:34:00,18,5,384,1,1604.04,4,0
2245,14591.0,2011-11-24 13:57:00,15,5,197,1,1447.14,4,0
2246,14592.0,2011-11-04 16:35:00,35,4,164,2,570.46,2,0
2248,14594.0,2011-12-02 13:28:00,7,5,84,2,634.83,3,0
2249,14595.0,2011-11-20 12:12:00,19,4,136,2,2164.45,4,0
2251,14597.0,2011-11-28 13:13:00,11,5,103,2,2201.54,4,0
2252,14598.0,2011-10-26 13:19:00,44,4,130,2,546.11,2,0
2260,14606.0,2011-12-08 19:28:00,1,5,6709,1,31627.74,5,0
2261,14607.0,2011-11-24 10:35:00,15,5,240,1,29529.7,5,0
2262,14608.0,2011-12-05 16:52:00,4,5,44,3,3432.44,5,0
2272,14618.0,2011-11-30 13:45:00,9,5,54,3,1388.97,4,0
2275,14621.0,2011-12-08 16:22:00,1,5,180,2,3122.87,5,0
2277,14623.0,2011-11-07 13:56:00,32,4,295,1,2088.33,4,0
2278,14624.0,2011-10-13 13:44:00,57,4,51,3,814.07,3,0
2280,14626.0,2011-12-01 08:55:00,8,5,237,1,5447.07,5,0
2283,14629.0,2011-12-05 16:55:00,4,5,153,2,978.8100000000001,3,0
2285,14631.0,2011-10-20 11:17:00,50,4,92,2,2028.21,4,0
2294,14640.0,2011-11-24 11:00:00,15,5,223,1,3870.09,5,0
2298,14644.0,2011-11-30 14:58:00,9,5,72,3,2417.97,4,0
2300,14646.0,2011-12-08 12:12:00,1,5,3890,1,533862.97,5,0
2303,14649.0,2011-12-05 12:30:00,4,5,575,1,3796.46,5,0
2307,14653.0,2011-12-08 13:45:00,1,5,386,1,3614.54,5,0
2309,14655.0,2011-12-06 10:52:00,3,5,110,2,3927.79,5,0
2311,14657.0,2011-11-22 12:47:00,17,5,216,1,1470.82,4,0
2313,14659.0,2011-12-01 12:17:00,8,5,259,1,2603.33,4,0
2316,14662.0,2011-11-11 12:13:00,28,4,253,1,1416.33,4,0
2318,14664.0,2011-11-20 10:59:00,19,4,99,2,637.89,3,0
2321,14667.0,2011-11-29 11:30:00,10,5,1375,1,22133.69,5,0
2327,14673.0,2011-12-06 14:31:00,3,5,163,2,3410.81,5,0
2329,14675.0,2011-11-23 12:58:00,16,5,240,1,1066.9,3,0
2330,14676.0,2011-11-08 13:29:00,31,4,140,2,8428.09,5,0
2338,14684.0,2011-11-14 11:33:00,25,4,519,1,1468.55,4,0
2342,14688.0,2011-12-02 12:26:00,7,5,545,1,8237.06,5,0
2344,14690.0,2011-10-26 15:39:00,44,4,109,2,807.42,3,0
2345,14691.0,2011-11-09 12:30:00,30,4,71,3,2114.33,4,0
2350,14696.0,2011-12-05 13:43:00,4,5,176,2,2777.13,4,0
2352,14698.0,2011-12-08 12:26:00,1,5,210,1,1250.76,3,0
2354,14700.0,2011-11-07 14:40:00,32,4,170,2,3116.26,5,0
2355,14701.0,2011-11-29 12:38:00,10,5,631,1,4625.24,5,0
2356,14702.0,2011-12-08 19:29:00,1,5,724,1,6812.72,5,0
2358,14704.0,2011-11-28 12:51:00,11,5,483,1,1813.57,4,0
2362,14708.0,2011-12-07 08:21:00,2,5,54,3,2241.98,4,0
2363,14709.0,2011-11-24 15:41:00,15,5,359,1,8906.18,5,0
2364,14710.0,2011-11-25 14:53:00,14,5,442,1,1922.59,4,0
2365,14711.0,2011-11-29 14:58:00,10,5,359,1,2899.4,4,0
2366,14712.0,2011-11-10 12:59:00,29,4,32,4,1328.0700000000002,4,0
2367,14713.0,2011-11-30 16:26:00,9,5,711,1,5465.2699999999995,5,0
2368,14714.0,2011-11-15 13:07:00,24,4,98,2,916.0799999999999,3,0
2369,14715.0,2011-11-15 12:10:00,24,4,138,2,1840.45,4,0
2370,14716.0,2011-10-27 17:29:00,43,4,100,2,565.45,2,0
2373,14719.0,2011-12-08 12:43:00,1,5,238,1,1612.08,4,0
2374,14720.0,2011-12-04 12:02:00,5,5,37,4,663.81,3,0
2377,14723.0,2011-11-29 15:23:00,10,5,481,1,2093.06,4,0
2379,14725.0,2011-11-15 12:42:00,24,4,107,2,1365.64,4,0
2384,14730.0,2011-12-08 14:39:00,1,5,501,1,2005.06,4,0
2386,14732.0,2011-12-01 14:34:00,8,5,284,1,5586.62,5,0
2387,14733.0,2011-11-30 14:54:00,9,5,362,1,16319.34,5,0
2389,14735.0,2011-12-06 12:09:00,3,5,381,1,12570.61,5,0
2391,14737.0,2011-12-06 10:16:00,3,5,45,3,3554.17,5,0
2392,14738.0,2011-10-31 12:57:00,39,4,83,2,1880.16,4,0
2393,14739.0,2011-12-07 14:32:00,2,5,259,1,12305.43,5,0
2395,14741.0,2011-11-28 08:48:00,11,5,85,2,1897.59,4,0
2398,14744.0,2011-11-23 12:51:00,16,5,124,2,3949.14,5,0
2408,14754.0,2011-10-26 12:01:00,44,4,138,2,1554.68,4,0
2409,14755.0,2011-11-30 11:24:00,9,5,484,1,10093.65,5,0
2410,14756.0,2011-11-24 18:13:00,15,5,122,2,2694.06,4,0
2413,14759.0,2011-12-05 12:03:00,4,5,102,2,1625.97,4,0
2420,14766.0,2011-12-01 16:05:00,8,5,349,1,6680.28,5,0
2423,14769.0,2011-12-07 10:24:00,2,5,1436,1,15847.09,5,0
2429,14775.0,2011-10-12 15:27:00,58,4,80,2,1418.46,4,0
2442,14788.0,2011-12-02 17:06:00,7,5,58,3,1156.32,3,0
2444,14790.0,2011-11-23 09:28:00,16,5,145,2,2526.62,4,0
2447,14793.0,2011-12-05 16:25:00,4,5,40,3,640.75,3,0
2448,14794.0,2011-12-07 10:11:00,2,5,107,2,2018.65,4,0
2450,14796.0,2011-12-08 15:31:00,1,5,1582,1,11088.16,5,0
2452,14798.0,2011-10-18 10:58:00,52,4,51,3,733.51,3,0
2459,14805.0,2011-11-24 16:20:00,15,5,132,2,1104.64,3,0
2464,14810.0,2011-10-30 11:19:00,40,4,325,1,2537.02,4,0
2469,14815.0,2011-11-03 11:36:00,36,4,53,3,778.5,3,0
2474,14820.0,2011-11-18 15:41:00,21,4,64,3,1274.76,4,0
2478,14824.0,2011-11-29 14:20:00,10,5,162,2,4093.31,5,0
2479,14825.0,2011-12-06 11:38:00,3,5,314,1,4963.88,5,0
2483,14829.0,2011-11-10 16:16:00,29,4,113,2,1745.74,4,0
2488,14834.0,2011-11-22 10:30:00,17,5,90,2,2228.11,4,0
2496,14842.0,2011-11-04 13:09:00,35,4,158,2,3192.58,5,0
2505,14851.0,2011-11-16 14:20:00,23,4,42,3,829.4100000000001,3,0
2507,14853.0,2011-12-01 09:44:00,8,5,33,4,1402.37,4,0
2510,14856.0,2011-11-03 14:53:00,36,4,66,3,1311.3799999999999,4,0
2513,14859.0,2011-11-27 11:18:00,12,5,67,3,1707.3400000000001,4,0
2515,14861.0,2011-10-18 12:54:00,52,4,95,2,1443.06,4,0
2516,14862.0,2011-11-14 10:01:00,25,4,48,3,841.1999999999999,3,0
2520,14866.0,2011-11-29 11:45:00,10,5,141,2,21042.670000000002,5,0
2522,14868.0,2011-12-06 14:49:00,3,5,214,1,4197.96,5,0
2523,14869.0,2011-12-06 10:55:00,3,5,259,1,2831.68,4,0
2525,14871.0,2011-12-06 13:42:00,3,5,201,1,1258.97,3,0
2529,14875.0,2011-11-30 14:41:00,9,5,93,2,2883.25,4,0
2532,14878.0,2011-11-27 11:15:00,12,5,381,1,4398.26,5,0
2536,14882.0,2011-11-13 12:47:00,26,4,70,3,3829.75,5,0
2537,14883.0,2011-11-21 10:23:00,18,5,54,3,766.54,3,0
2547,14893.0,2011-11-30 12:31:00,9,5,110,2,1836.96,4,0
2549,14895.0,2011-12-02 09:23:00,7,5,919,1,25750.260000000002,5,0
2551,14897.0,2011-12-02 10:32:00,7,5,128,2,3180.34,5,0
2555,14901.0,2011-11-28 17:09:00,11,5,171,2,2302.25,4,0
2556,14902.0,2011-11-18 17:09:00,21,4,65,3,1070.97,3,0
2557,14903.0,2011-11-18 16:07:00,21,4,364,1,2876.78,4,0
2558,14904.0,2011-12-07 12:55:00,2,5,144,2,1640.64,4,0
2561,14907.0,2011-12-06 14:14:00,3,5,306,1,6236.89,5,0
2565,14911.0,2011-12-08 15:54:00,1,5,11613,1,321696.73,5,0
2566,14912.0,2011-11-23 12:29:00,16,5,68,3,3029.92,4,0
2575,14921.0,2011-11-09 13:17:00,30,4,78,2,1316.07,4,0
2577,14923.0,2011-10-20 11:51:00,50,4,44,3,749.1,3,0
2585,14931.0,2011-12-05 10:19:00,4,5,42,3,1550.68,4,0
2590,14936.0,2011-11-30 15:07:00,9,5,530,1,12443.16,5,0
2591,14937.0,2011-10-14 12:29:00,56,4,35,4,1626.13,4,0
2602,14948.0,2011-11-16 17:16:00,23,4,64,3,1137.3700000000001,3,0
2607,14953.0,2011-11-14 14:59:00,25,4,260,1,1022.17,3,0
2608,14954.0,2011-11-27 14:30:00,12,5,126,2,503.44,2,0
2615,14961.0,2011-11-29 09:42:00,10,5,680,1,16491.4,5,0
2617,14963.0,2011-11-30 12:16:00,9,5,495,1,3170.33,5,0
2620,14966.0,2011-11-25 12:20:00,14,5,160,2,1115.8400000000001,3,0
2621,14967.0,2011-10-21 11:06:00,49,4,30,4,2284.7,4,0
2622,14968.0,2011-11-09 13:58:00,30,4,85,2,504.99,2,0
2625,14971.0,2011-11-04 17:07:00,35,4,160,2,1116.57,3,0
2630,14976.0,2011-10-13 16:37:00,57,4,73,3,815.86,3,0
2638,14984.0,2011-11-20 14:28:00,19,4,56,3,1271.41,4,0
2641,14987.0,2011-11-24 09:59:00,15,5,18,4,1795.4499999999998,4,0
2651,14997.0,2011-10-24 13:28:00,46,4,39,3,781.8199999999999,3,0
2659,15005.0,2011-11-24 12:25:00,15,5,2548,1,14449.13,5,0
2660,15006.0,2011-10-19 15:08:00,51,4,207,1,825.14,3,0
2663,15009.0,2011-11-27 13:35:00,12,5,182,1,1261.78,3,0
2666,15012.0,2011-10-17 12:22:00,53,4,255,1,860.62,3,0
2675,15021.0,2011-12-01 11:53:00,8,5,730,1,2878.07,4,0
2676,15022.0,2011-11-28 12:35:00,11,5,154,2,1186.09,3,0
2677,15023.0,2011-12-06 17:23:00,3,5,1020,1,12249.17,5,0
2678,15024.0,2011-11-30 12:06:00,9,5,371,1,4075.51,5,0
2679,15025.0,2011-11-06 15:20:00,33,4,146,2,1013.09,3,0
2681,15027.0,2011-11-09 10:16:00,30,4,94,2,3417.16,5,0
2682,15028.0,2011-12-01 14:06:00,8,5,119,2,1157.71,3,0
2685,15031.0,2011-12-05 14:19:00,4,5,444,1,3455.79,5,0
2687,15033.0,2011-12-05 12:40:00,4,5,513,1,2602.32,4,0
2688,15034.0,2011-11-24 12:11:00,15,5,770,1,8344.35,5,0
2692,15038.0,2011-10-27 14:42:00,43,4,287,1,1349.76,4,0
2693,15039.0,2011-11-30 11:31:00,9,5,2810,1,40319.87,5,0
2697,15043.0,2011-11-08 14:26:00,31,4,52,3,2873.7999999999997,4,0
2700,15046.0,2011-11-30 15:50:00,9,5,410,1,8041.4,5,0
2704,15050.0,2011-11-14 16:17:00,25,4,158,2,4248.71,5,0
2707,15053.0,2011-12-05 12:08:00,4,5,71,3,697.79,3,0
2708,15054.0,2011-11-27 15:02:00,12,5,114,2,302.1,2,0
2714,15060.0,2011-12-01 13:47:00,8,5,121,2,303.09,2,0
2715,15061.0,2011-12-06 12:06:00,3,5,998,1,139245.56,5,0
2719,15065.0,2011-11-02 09:45:00,37,4,169,2,3349.0099999999998,5,0
2720,15066.0,2011-11-08 09:56:00,31,4,53,3,1026.59,3,0
2722,15068.0,2011-10-24 14:47:00,46,4,221,1,1176.85,3,0
2727,15073.0,2011-11-30 10:44:00,9,5,181,1,3219.0,5,0
2732,15078.0,2011-12-02 15:41:00,7,5,812,1,17947.24,5,0
2735,15081.0,2011-11-17 17:08:00,22,4,111,2,1983.17,4,0
2742,15088.0,2011-11-18 13:14:00,21,4,60,3,1179.8700000000001,3,0
2743,15089.0,2011-11-29 16:31:00,10,5,145,2,2420.84,4,0
2745,15091.0,2011-10-17 10:47:00,53,4,60,3,1070.11,3,0
2747,15093.0,2011-11-21 13:09:00,18,5,346,1,14994.34,5,0
2751,15097.0,2011-12-05 14:03:00,4,5,68,3,1229.65,3,0
2755,15101.0,2011-12-01 10:18:00,8,5,64,3,1652.39,4,0
2759,15105.0,2011-11-21 16:54:00,18,5,151,2,3094.91,5,0
2760,15106.0,2011-11-22 09:16:00,17,5,102,2,1437.31,4,0
2764,15110.0,2011-11-16 11:16:00,23,4,58,3,1531.7,4,0
2765,15111.0,2011-11-10 16:58:00,29,4,151,2,2730.87,4,0
2767,15113.0,2011-11-30 08:23:00,9,5,101,2,3779.25,5,0
2770,15116.0,2011-11-22 12:25:00,17,5,45,3,1352.75,4,0
2771,15117.0,2011-11-25 08:12:00,14,5,132,2,2487.62,4,0
2777,15123.0,2011-12-02 13:12:00,7,5,183,1,4656.17,5,0
2786,15132.0,2011-11-21 17:10:00,18,5,52,3,977.9300000000001,3,0
2788,15134.0,2011-11-25 08:55:00,14,5,85,2,1596.29,4,0
2790,15136.0,2011-12-07 12:26:00,2,5,69,3,1290.95,4,0
2794,15140.0,2011-10-18 14:07:00,52,4,113,2,3247.94,5,0
2796,15142.0,2011-10-24 12:51:00,46,4,143,2,2630.87,4,0
2798,15144.0,2011-12-01 15:12:00,8,5,353,1,12314.11,5,0
2799,15145.0,2011-12-05 17:21:00,4,5,67,3,1194.73,3,0
2804,15150.0,2011-11-22 12:52:00,17,5,576,1,9011.58,5,0
2806,15152.0,2011-11-30 12:32:00,9,5,308,1,5329.69,5,0
2810,15156.0,2011-12-08 18:22:00,1,5,55,3,961.49,3,0
2811,15157.0,2011-12-06 11:28:00,3,5,160,2,2720.68,4,0
2813,15159.0,2011-12-08 12:05:00,1,5,820,1,22184.06,5,0
2826,15172.0,2011-12-01 11:51:00,8,5,110,2,1624.05,4,0
2833,15179.0,2011-11-21 12:53:00,18,5,322,1,7557.02,5,0
2838,15184.0,2011-11-10 13:41:00,29,4,85,2,689.95,3,0
2840,15186.0,2011-11-25 14:58:00,14,5,52,3,1403.2,4,0
2841,15187.0,2011-12-08 11:56:00,1,5,93,2,4884.28,5,0
2843,15189.0,2011-12-08 13:22:00,1,5,261,1,17947.63,5,0
2848,15194.0,2011-12-06 15:10:00,3,5,519,1,12667.7,5,0
2849,15195.0,2011-12-07 12:20:00,2,5,1,5,3861.0,5,0
2851,15197.0,2011-12-01 08:14:00,8,5,66,3,2327.1800000000003,4,0
2862,15208.0,2011-12-08 17:24:00,1,5,49,3,973.02,3,0
2868,15214.0,2011-12-08 12:07:00,1,5,110,2,1661.44,4,0
2869,15215.0,2011-10-26 12:28:00,44,4,159,2,3348.4,5,0
2872,15218.0,2011-11-29 11:48:00,10,5,410,1,11577.14,5,0
2874,15220.0,2011-10-19 12:39:00,51,4,119,2,1799.0,4,0
2881,15227.0,2011-11-03 11:59:00,36,4,120,2,2488.4900000000002,4,0
2891,15237.0,2011-12-08 09:46:00,1,5,99,2,1412.32,4,0
2892,15238.0,2011-11-10 14:28:00,29,4,52,3,1087.44,3,0
2893,15239.0,2011-11-29 14:14:00,10,5,52,3,796.84,3,0
2905,15251.0,2011-11-30 15:02:00,9,5,246,1,20553.48,5,0
2906,15252.0,2011-11-03 13:30:00,36,4,121,2,2153.76,4,0
2907,15253.0,2011-11-23 16:22:00,16,5,121,2,2076.89,4,0
2924,15270.0,2011-11-24 09:24:00,15,5,197,1,9855.73,5,0
2925,15271.0,2011-12-02 14:11:00,7,5,628,1,4779.79,5,0
2926,15272.0,2011-10-13 12:59:00,57,4,307,1,2085.48,4,0
2928,15274.0,2011-12-05 16:57:00,4,5,47,3,716.57,3,0
2943,15289.0,2011-11-10 13:49:00,29,4,99,2,1615.47,4,0
2944,15290.0,2011-12-05 11:39:00,4,5,301,1,10636.98,5,0
2951,15297.0,2011-11-29 16:32:00,10,5,41,3,648.84,3,0
2952,15298.0,2011-12-07 17:17:00,2,5,453,1,10562.71,5,0
2965,15311.0,2011-12-09 12:00:00,0,5,4717,1,120029.25,5,0
2983,15329.0,2011-11-04 12:56:00,35,4,178,2,3225.68,5,0
2998,15344.0,2011-12-09 10:45:00,0,5,32,4,651.3,3,0
3005,15351.0,2011-11-27 12:52:00,12,5,386,1,3861.4,5,0
3012,15358.0,2011-12-05 09:04:00,4,5,1152,1,17263.47,5,0
3024,15370.0,2011-10-30 10:58:00,40,4,145,2,3764.51,5,0
3027,15373.0,2011-12-01 15:05:00,8,5,206,1,3624.19,5,0
3030,15376.0,2011-10-30 15:04:00,40,4,117,2,1233.3600000000001,3,0
3034,15380.0,2011-12-01 12:13:00,8,5,56,3,3535.92,5,0
3036,15382.0,2011-11-25 10:58:00,14,5,642,1,13820.6,5,0
3046,15392.0,2011-12-05 11:01:00,4,5,145,2,2931.42,4,0
3047,15393.0,2011-11-23 16:48:00,16,5,44,3,891.34,3,0
3048,15394.0,2011-11-30 11:49:00,9,5,229,1,5322.2,5,0
3052,15398.0,2011-11-23 16:47:00,16,5,74,3,1351.43,4,0
3053,15399.0,2011-12-08 13:04:00,1,5,50,3,815.77,3,0
3060,15406.0,2011-11-21 16:14:00,18,5,127,2,1059.97,3,0
3061,15407.0,2011-11-06 11:55:00,33,4,153,2,1056.44,3,0
3065,15411.0,2011-11-13 15:19:00,26,4,100,2,1371.38,4,0
3068,15414.0,2011-11-30 09:50:00,9,5,39,3,774.9000000000001,3,0
3080,15426.0,2011-11-20 15:36:00,19,4,543,1,2637.83,4,0
3081,15427.0,2011-11-06 14:29:00,33,4,306,1,1483.14,4,0
3082,15428.0,2011-11-24 16:54:00,15,5,44,3,762.75,3,0
3083,15429.0,2011-11-13 12:28:00,26,4,83,2,429.8,2,0
3088,15434.0,2011-12-01 13:33:00,8,5,139,2,2617.01,4,0
3090,15436.0,2011-11-27 16:05:00,12,5,329,1,1122.53,3,0
3097,15443.0,2011-12-08 10:40:00,1,5,651,1,5235.72,5,0
3098,15444.0,2011-11-30 17:37:00,9,5,219,1,1418.26,4,0
3103,15449.0,2011-11-13 15:02:00,26,4,62,3,977.82,3,0
3106,15452.0,2011-11-10 12:13:00,29,4,202,1,1799.1100000000001,4,0
3107,15453.0,2011-12-08 10:59:00,1,5,286,1,1388.37,4,0
3121,15467.0,2011-11-30 14:17:00,9,5,53,3,537.88,2,0
3122,15468.0,2011-11-04 13:11:00,35,4,88,2,1473.48,4,0
3123,15469.0,2011-10-27 19:16:00,43,4,47,3,914.1,3,0
3125,15471.0,2011-12-07 14:12:00,2,5,162,2,1316.56,4,0
3127,15473.0,2011-11-25 15:15:00,14,5,17,4,2352.0,4,0
3132,15478.0,2011-10-30 14:19:00,40,4,71,3,2024.98,4,0
3136,15482.0,2011-11-24 10:46:00,15,5,179,2,21077.29,5,0
3138,15484.0,2011-12-08 15:03:00,1,5,242,1,4687.2,5,0
3139,15485.0,2011-11-09 14:31:00,30,4,165,2,5918.51,5,0
3143,15489.0,2011-11-17 08:53:00,22,4,123,2,2511.86,4,0
3151,15497.0,2011-11-22 11:51:00,17,5,123,2,8671.32,5,0
3152,15498.0,2011-12-09 10:28:00,0,5,988,1,28218.35,5,0
3154,15500.0,2011-12-01 13:47:00,8,5,68,3,1131.56,3,0
3156,15502.0,2011-11-24 12:48:00,15,5,418,1,19313.41,5,0
3159,15505.0,2011-10-18 07:56:00,52,4,99,2,3724.78,5,0
3160,15506.0,2011-11-17 12:11:00,22,4,278,1,2040.03,4,0
3165,15511.0,2011-11-28 09:43:00,11,5,160,2,909.23,3,0
3168,15514.0,2011-11-27 14:40:00,12,5,380,1,7774.82,5,0
3179,15525.0,2011-12-07 15:39:00,2,5,261,1,1310.6,4,0
3181,15527.0,2011-11-21 12:17:00,18,5,355,1,6109.5,5,0
3184,15530.0,2011-11-18 12:25:00,21,4,143,2,1813.72,4,0
3185,15531.0,2011-12-01 18:43:00,8,5,228,1,2007.44,4,0
3187,15533.0,2011-11-20 15:35:00,19,4,86,2,868.22,3,0
3193,15539.0,2011-12-02 13:36:00,7,5,41,3,538.46,2,0
3198,15544.0,2011-12-01 09:16:00,8,5,563,1,8190.74,5,0
3199,15545.0,2011-10-16 13:24:00,54,4,112,2,428.05,2,0
3201,15547.0,2011-12-02 12:52:00,7,5,1360,1,10167.89,5,0
3204,15550.0,2011-12-05 15:38:00,4,5,243,1,2442.0,4,0
3205,15551.0,2011-11-03 12:37:00,36,4,153,2,1760.88,4,0
3209,15555.0,2011-11-27 16:19:00,12,5,1732,1,12480.62,5,0
3215,15561.0,2011-11-28 11:07:00,11,5,96,2,2012.24,4,0
3217,15563.0,2011-12-01 09:36:00,8,5,264,1,2952.79,4,0
3222,15568.0,2011-12-07 11:27:00,2,5,53,3,758.29,3,0
3224,15570.0,2011-12-02 14:47:00,7,5,794,1,9375.09,5,0
3225,15571.0,2011-11-28 10:02:00,11,5,635,1,4051.63,5,0
3226,15572.0,2011-12-05 10:09:00,4,5,356,1,4068.67,5,0
3227,15573.0,2011-11-08 11:38:00,31,4,220,1,1207.18,3,0
3230,15576.0,2011-11-02 12:03:00,37,4,45,3,940.6700000000001,3,0
3236,15582.0,2011-11-15 09:55:00,24,4,44,3,682.9100000000001,3,0
3238,15584.0,2011-11-16 10:55:00,23,4,226,1,1280.0,4,0
3248,15594.0,2011-11-24 08:53:00,15,5,104,2,1776.03,4,0
3253,15599.0,2011-11-13 11:44:00,26,4,83,2,1250.06,3,0
3255,15601.0,2011-11-28 15:15:00,11,5,880,1,15001.02,5,0
3256,15602.0,2011-12-01 14:14:00,8,5,141,2,3485.05,5,0
3259,15605.0,2011-11-03 14:17:00,36,4,112,2,1940.2,4,0
3260,15606.0,2011-10-13 13:32:00,57,4,159,2,5728.51,5,0
3262,15608.0,2011-11-11 13:20:00,28,4,105,2,1785.98,4,0
3265,15611.0,2011-11-30 12:36:00,9,5,100,2,3136.19,5,0
3269,15615.0,2011-11-29 14:42:00,10,5,914,1,21465.87,5,0
3272,15618.0,2011-11-07 08:34:00,32,4,49,3,806.6709999999999,3,0
3274,15620.0,2011-10-20 19:17:00,50,4,136,2,1974.79,4,0
3275,15621.0,2011-12-05 14:01:00,4,5,18,4,1427.29,4,0
3276,15622.0,2011-12-06 14:57:00,3,5,462,1,8387.14,5,0
3282,15628.0,2011-12-05 10:24:00,4,5,324,1,5701.16,5,0
3284,15630.0,2011-10-25 15:36:00,45,4,81,2,1487.35,4,0
3286,15632.0,2011-11-24 09:51:00,15,5,177,2,3423.31,5,0
3291,15637.0,2011-10-18 08:28:00,52,4,41,3,797.59,3,0
3294,15640.0,2011-12-05 14:35:00,4,5,784,1,24079.75,5,0
3299,15645.0,2011-11-21 11:55:00,18,5,69,3,1067.77,3,0
3305,15651.0,2011-11-03 08:41:00,36,4,60,3,1259.06,3,0
3308,15654.0,2011-11-30 13:08:00,9,5,21,4,922.53,3,0
3310,15656.0,2011-10-25 14:56:00,45,4,47,3,748.5,3,0
3314,15660.0,2011-11-14 16:58:00,25,4,165,2,2861.84,4,0
3318,15664.0,2011-10-20 10:57:00,50,4,74,3,1295.71,4,0
3325,15671.0,2011-11-21 12:43:00,18,5,81,2,2678.77,4,0
3330,15676.0,2011-11-30 17:39:00,9,5,216,1,3547.43,5,0
3331,15677.0,2011-10-21 15:36:00,49,4,72,3,1305.63,4,0
3332,15678.0,2011-10-18 09:25:00,52,4,97,2,1893.89,4,0
3333,15679.0,2011-11-15 16:19:00,24,4,110,2,781.28,3,0
3334,15680.0,2011-11-30 13:46:00,9,5,268,1,4550.68,5,0
3335,15681.0,2011-11-21 13:25:00,18,5,103,2,3499.2,5,0
3341,15687.0,2011-12-01 08:33:00,8,5,168,2,3004.7,4,0
3348,15694.0,2011-12-09 09:44:00,0,5,163,2,11055.16,5,0
3355,15701.0,2011-12-07 14:39:00,2,5,237,1,1542.14,4,0
3361,15707.0,2011-11-04 14:35:00,35,4,214,1,945.58,3,0
3366,15712.0,2011-11-30 14:09:00,9,5,167,2,3477.36,5,0
3368,15714.0,2011-11-28 11:26:00,11,5,49,3,784.8100000000001,3,0
3374,15720.0,2011-11-15 14:48:00,24,4,155,2,741.92,3,0
3375,15721.0,2011-11-28 12:14:00,11,5,91,2,507.08,2,0
3381,15727.0,2011-11-23 12:36:00,16,5,694,1,9445.51,5,0
3391,15737.0,2011-11-25 11:21:00,14,5,81,2,1289.03,4,0
3392,15738.0,2011-11-21 08:26:00,18,5,501,1,13403.82,5,0
3397,15743.0,2011-11-23 17:19:00,16,5,88,2,784.46,3,0
3399,15745.0,2011-12-01 11:18:00,8,5,65,3,1117.94,3,0
3401,15747.0,2011-11-27 12:26:00,12,5,221,1,2564.56,4,0
3404,15750.0,2011-12-07 12:34:00,2,5,666,1,6901.831,5,0
3408,15754.0,2011-10-20 11:44:00,50,4,135,2,3073.36,4,0
3409,15755.0,2011-12-08 18:59:00,1,5,382,1,6049.29,5,0
3417,15763.0,2011-11-08 09:44:00,31,4,63,3,1125.17,3,0
3423,15769.0,2011-12-02 13:52:00,7,5,243,1,93139.26,5,0
3427,15773.0,2011-12-04 12:48:00,5,5,47,3,774.52,3,0
3436,15782.0,2011-11-30 10:49:00,9,5,63,3,4042.55,5,0
3441,15787.0,2011-11-13 14:55:00,26,4,206,1,948.05,3,0
3445,15791.0,2011-10-27 10:14:00,43,4,180,2,3674.89,5,0
3447,15793.0,2011-11-30 15:08:00,9,5,31,4,2416.2200000000003,4,0
3450,15796.0,2011-12-08 19:55:00,1,5,302,1,5331.71,5,0
3455,15801.0,2011-10-24 13:52:00,46,4,69,3,1085.71,3,0
3457,15803.0,2011-10-19 14:56:00,51,4,51,3,1929.66,4,0
3458,15804.0,2011-12-09 12:31:00,0,5,274,1,4564.23,5,0
3461,15807.0,2011-10-20 14:10:00,50,4,89,2,1827.47,4,0
3463,15809.0,2011-11-04 12:05:00,35,4,67,3,1686.0,4,0
3465,15811.0,2011-11-22 15:29:00,17,5,316,1,3937.82,5,0
3468,15814.0,2011-12-06 15:01:00,3,5,100,2,2737.04,4,0
3476,15822.0,2011-12-06 14:50:00,3,5,72,3,1902.21,4,0
3480,15826.0,2011-10-19 13:24:00,51,4,121,2,2613.43,4,0
3485,15831.0,2011-10-12 13:14:00,58,4,69,3,855.76,3,0
3489,15835.0,2011-10-26 15:47:00,44,4,50,3,954.09,3,0
3492,15838.0,2011-11-28 14:00:00,11,5,214,1,74921.89,5,0
3493,15839.0,2011-11-14 13:25:00,25,4,65,3,1076.24,3,0
3499,15845.0,2011-11-22 09:42:00,17,5,185,1,4578.91,5,0
3501,15847.0,2011-11-01 14:41:00,38,4,48,3,822.57,3,0
3504,15850.0,2011-11-20 14:14:00,19,4,334,1,1058.72,3,0
3508,15854.0,2011-12-05 13:39:00,4,5,258,1,5583.81,5,0
3510,15856.0,2011-12-05 17:09:00,4,5,1172,1,34623.24,5,0
3512,15858.0,2011-11-24 12:48:00,15,5,485,1,4002.87,5,0
3514,15860.0,2011-10-30 11:25:00,40,4,368,1,2505.21,4,0
3515,15861.0,2011-11-27 15:59:00,12,5,804,1,4585.59,5,0
3516,15862.0,2011-12-01 13:28:00,8,5,581,1,2928.29,4,0
3517,15863.0,2011-11-14 12:49:00,25,4,79,2,358.7,2,0
3518,15864.0,2011-11-17 13:32:00,22,4,27,4,2347.3,4,0
3519,15865.0,2011-10-30 12:43:00,40,4,127,2,2248.92,4,0
3521,15867.0,2011-12-04 13:37:00,5,5,1068,1,9153.05,5,0
3524,15870.0,2011-11-07 10:58:00,32,4,147,2,862.61,3,0
3526,15872.0,2011-11-25 11:55:00,14,5,215,1,795.68,3,0
3531,15877.0,2011-12-08 11:57:00,1,5,131,2,545.78,2,0
3537,15883.0,2011-12-07 17:05:00,2,5,49,3,396.48,2,0
3552,15898.0,2011-12-08 15:23:00,1,5,703,1,5658.26,5,0
3554,15900.0,2011-11-16 12:19:00,23,4,131,2,910.3,3,0
3555,15901.0,2011-11-23 12:43:00,16,5,173,2,722.21,3,0
3557,15903.0,2011-11-30 08:08:00,9,5,119,2,9019.86,5,0
3560,15906.0,2011-11-20 12:24:00,19,4,207,1,2643.39,4,0
3561,15907.0,2011-12-06 12:21:00,3,5,249,1,967.45,3,0
3564,15910.0,2011-12-09 10:51:00,0,5,628,1,2681.8,4,0
3570,15916.0,2011-11-23 13:46:00,16,5,342,1,3576.67,5,0
3573,15919.0,2011-11-20 11:28:00,19,4,192,1,910.61,3,0
3586,15932.0,2011-12-05 17:13:00,4,5,119,2,2529.89,4,0
3587,15933.0,2011-11-18 13:14:00,21,4,74,3,1107.46,3,0
3602,15948.0,2011-12-01 15:32:00,8,5,95,2,1509.0900000000001,4,0
3604,15950.0,2011-12-08 10:34:00,1,5,402,1,7422.91,5,0
3605,15951.0,2011-12-08 18:57:00,1,5,61,3,1051.82,3,0
3606,15952.0,2011-11-06 11:18:00,33,4,91,2,806.57,3,0
3607,15953.0,2011-11-24 15:32:00,15,5,192,1,3814.4,5,0
3611,15957.0,2011-11-08 12:14:00,31,4,151,2,930.1,3,0
3619,15965.0,2011-11-22 16:44:00,17,5,370,1,3026.84,4,0
3621,15967.0,2011-11-16 15:41:00,23,4,502,1,3064.0,4,0
3623,15969.0,2011-12-07 11:06:00,2,5,36,4,1210.25,3,0
3625,15971.0,2011-11-22 12:50:00,17,5,45,3,6875.2300000000005,5,0
3628,15974.0,2011-10-31 13:13:00,39,4,177,2,3454.75,5,0
3631,15977.0,2011-11-22 13:29:00,17,5,65,3,1054.73,3,0
3638,15984.0,2011-12-07 12:16:00,2,5,753,1,8847.52,5,0
3641,15987.0,2011-11-27 15:38:00,12,5,196,1,1682.13,4,0
3642,15988.0,2011-11-20 13:23:00,19,4,129,2,770.09,3,0
3644,15990.0,2011-10-26 15:58:00,44,4,180,2,2010.05,4,0
3646,15992.0,2011-12-06 11:00:00,3,5,54,3,896.6,3,0
3647,15993.0,2011-12-01 10:45:00,8,5,560,1,2838.32,4,0
3648,15994.0,2011-10-16 12:28:00,54,4,116,2,1205.52,3,0
3654,16000.0,2011-12-07 12:17:00,2,5,9,5,12393.7,5,0
3659,16005.0,2011-11-27 13:47:00,12,5,515,1,2468.67,4,0
3661,16007.0,2011-10-23 11:05:00,47,4,666,1,3075.14,4,0
3663,16009.0,2011-11-17 16:51:00,22,4,90,2,992.71,3,0
3665,16011.0,2011-12-01 16:31:00,8,5,457,1,5893.91,5,0
3666,16012.0,2011-11-04 13:25:00,35,4,241,1,2989.79,4,0
3667,16013.0,2011-12-06 10:36:00,3,5,251,1,62103.96,5,0
3668,16014.0,2011-11-04 11:23:00,35,4,294,1,1139.52,3,0
3669,16015.0,2011-12-06 10:58:00,3,5,184,1,720.24,3,0
3670,16016.0,2011-12-06 14:35:00,3,5,387,1,2572.84,4,0
3671,16017.0,2011-10-23 12:56:00,47,4,131,2,1553.83,4,0
3672,16018.0,2011-10-31 14:13:00,39,4,56,3,698.13,3,0
3673,16019.0,2011-12-08 10:06:00,1,5,420,1,18291.55,5,0
3674,16020.0,2011-11-23 11:18:00,16,5,46,3,851.01,3,0
3677,16023.0,2011-10-24 16:34:00,46,4,101,2,719.81,3,0
3678,16024.0,2011-11-27 13:26:00,12,5,86,2,484.2,2,0
3687,16033.0,2011-12-04 12:44:00,5,5,1419,1,10979.87,5,0
3695,16041.0,2011-11-09 12:25:00,30,4,6,5,3166.4,5,0
3696,16042.0,2011-11-17 17:50:00,22,4,141,2,2377.24,4,0
3697,16043.0,2011-11-02 12:50:00,37,4,73,3,1856.5900000000001,4,0
3703,16049.0,2011-10-30 13:19:00,40,4,501,1,1899.68,4,0
3710,16056.0,2011-10-25 15:19:00,45,4,68,3,664.85,3,0
3711,16057.0,2011-12-05 16:36:00,4,5,265,1,4507.63,5,0
3716,16062.0,2011-11-30 12:15:00,9,5,185,1,2863.45,4,0
3720,16066.0,2011-11-23 11:54:00,16,5,102,2,1521.87,4,0
3725,16071.0,2011-10-26 11:14:00,44,4,73,3,1076.8,3,0
3730,16076.0,2011-12-06 14:59:00,3,5,131,2,2295.93,4,0
3733,16079.0,2011-11-23 12:48:00,16,5,21,4,1352.0,4,0
3739,16085.0,2011-11-16 13:24:00,23,4,378,1,2349.33,4,0
3748,16094.0,2011-11-28 12:45:00,11,5,211,1,3791.96,5,0
3753,16099.0,2011-10-20 13:13:00,50,4,70,3,1578.15,4,0
3755,16101.0,2011-11-30 16:54:00,9,5,200,1,3290.9,5,0
3756,16102.0,2011-10-28 13:19:00,42,4,57,3,1842.14,4,0
3757,16103.0,2011-12-02 14:16:00,7,5,207,1,6380.66,5,0
3761,16107.0,2011-11-22 09:40:00,17,5,31,4,3204.1600000000003,5,0
3764,16110.0,2011-10-25 14:35:00,45,4,449,1,1819.27,4,0
3769,16115.0,2011-11-30 11:32:00,9,5,428,1,2575.14,4,0
3773,16119.0,2011-12-01 15:11:00,8,5,54,3,1720.81,4,0
3775,16121.0,2011-10-13 12:59:00,57,4,360,1,1496.99,4,0
3781,16127.0,2011-10-31 13:58:00,39,4,75,3,801.31,3,0
3782,16128.0,2011-11-22 11:14:00,17,5,187,1,3853.7000000000003,5,0
3787,16133.0,2011-12-06 11:24:00,3,5,584,1,23755.64,5,0
3788,16134.0,2011-11-18 10:05:00,21,4,120,2,2170.69,4,0
3793,16139.0,2011-11-21 08:37:00,18,5,57,3,1111.15,3,0
3794,16140.0,2011-10-18 10:59:00,52,4,73,3,1579.01,4,0
3797,16143.0,2011-12-06 14:13:00,3,5,244,1,4954.78,5,0
3799,16145.0,2011-12-01 10:33:00,8,5,418,1,6917.28,5,0
3810,16156.0,2011-12-01 12:42:00,8,5,280,1,6502.77,5,0
3811,16157.0,2011-11-24 11:41:00,15,5,19,4,669.14,3,0
3815,16161.0,2011-12-08 12:10:00,1,5,1202,1,13214.64,5,0
3818,16164.0,2011-11-22 15:04:00,17,5,35,4,842.4300000000001,3,0
3822,16168.0,2011-11-29 12:45:00,10,5,322,1,10733.86,5,0
3823,16169.0,2011-12-01 15:28:00,8,5,85,2,1822.97,4,0
3827,16173.0,2011-11-24 10:53:00,15,5,87,2,1430.07,4,0
3831,16177.0,2011-10-20 12:57:00,50,4,128,2,2353.0099999999998,4,0
3839,16185.0,2011-11-23 09:41:00,16,5,40,3,644.72,3,0
3842,16188.0,2011-10-26 12:19:00,44,4,75,3,1097.61,3,0
3844,16190.0,2011-10-30 15:59:00,40,4,119,2,2723.55,4,0
3845,16191.0,2011-12-07 11:26:00,2,5,256,1,16213.92,5,0
3854,16200.0,2011-12-05 14:40:00,4,5,628,1,5656.95,5,0
3855,16201.0,2011-12-06 16:02:00,3,5,128,2,2154.07,4,0
3857,16203.0,2011-10-12 12:31:00,58,4,78,2,1118.29,3,0
3858,16204.0,2011-11-16 13:40:00,23,4,111,2,949.24,3,0
3859,16205.0,2011-11-09 09:32:00,30,4,200,1,1830.61,4,0
3860,16206.0,2011-10-16 10:41:00,54,4,245,1,2607.27,4,0
3864,16210.0,2011-12-08 12:36:00,1,5,284,1,38674.96,5,0
3866,16212.0,2011-11-20 13:00:00,19,4,80,2,1302.8600000000001,4,0
3875,16221.0,2011-11-03 11:43:00,36,4,264,1,2242.0099999999998,4,0
3878,16224.0,2011-10-13 17:51:00,57,4,116,2,1616.54,4,0
3879,16225.0,2011-10-26 08:30:00,44,4,307,1,2912.9100000000003,4,0
3886,16232.0,2011-11-07 11:12:00,32,4,108,2,2733.92,4,0
3889,16235.0,2011-10-30 10:56:00,40,4,122,2,2116.81,4,0
3893,16239.0,2011-10-14 08:29:00,56,4,37,4,1533.5,4,0
3894,16240.0,2011-12-01 14:02:00,8,5,142,2,3743.79,5,0
3895,16241.0,2011-11-30 11:08:00,9,5,994,1,4329.31,5,0
3896,16242.0,2011-12-01 15:12:00,8,5,691,1,7515.5,5,0
3899,16245.0,2011-11-16 10:14:00,23,4,93,2,1474.96,4,0
3903,16249.0,2011-10-18 10:07:00,52,4,69,3,1800.07,4,0
3909,16255.0,2011-11-23 12:40:00,16,5,541,1,4979.21,5,0
3915,16261.0,2011-11-22 17:23:00,17,5,168,2,1059.45,3,0
3919,16265.0,2011-11-30 16:41:00,9,5,340,1,6976.72,5,0
3925,16271.0,2011-12-07 12:45:00,2,5,306,1,3468.97,5,0
3932,16278.0,2011-11-16 16:09:00,23,4,60,3,1179.09,3,0
3937,16283.0,2011-12-04 12:08:00,5,5,604,1,4496.27,5,0
3938,16284.0,2011-11-08 16:12:00,31,4,139,2,1029.77,3,0
3947,16293.0,2011-12-01 09:13:00,8,5,246,1,4683.7,5,0
3949,16295.0,2011-11-30 08:17:00,9,5,79,2,1328.55,4,0
3952,16298.0,2011-11-17 11:59:00,22,4,49,3,1091.4,3,0
3962,16308.0,2011-11-02 11:24:00,37,4,7,5,5120.0,5,0
3979,16325.0,2011-10-26 16:29:00,44,4,145,2,3731.16,5,0
3980,16326.0,2011-12-04 10:11:00,5,5,497,1,4946.99,5,0
3981,16327.0,2011-11-25 13:23:00,14,5,954,1,10757.16,5,0
3984,16330.0,2011-11-22 12:24:00,17,5,120,2,644.03,3,0
3986,16332.0,2011-11-11 14:22:00,28,4,201,1,2030.85,4,0
3987,16333.0,2011-12-02 12:19:00,7,5,45,3,26626.8,5,0
3995,16341.0,2011-11-15 09:12:00,24,4,169,2,3869.29,5,0
3997,16343.0,2011-11-23 17:45:00,16,5,86,2,687.0699999999999,3,0
3999,16345.0,2011-10-26 16:03:00,44,4,111,2,1198.74,3,0
4001,16347.0,2011-11-28 13:14:00,11,5,357,1,3536.81,5,0
4002,16348.0,2011-11-07 15:44:00,32,4,266,1,1798.22,4,0
4004,16350.0,2011-11-18 15:53:00,21,4,130,2,2301.29,4,0
4007,16353.0,2011-12-06 12:23:00,3,5,177,2,10012.99,5,0
4011,16357.0,2011-11-06 16:04:00,33,4,47,3,868.37,3,0
4012,16358.0,2011-12-08 15:09:00,1,5,155,2,2922.2000000000003,4,0
4013,16359.0,2011-12-02 17:04:00,7,5,130,2,3016.1,4,0
4014,16360.0,2011-12-05 12:16:00,4,5,671,1,3613.37,5,0
4015,16361.0,2011-11-30 12:32:00,9,5,106,2,896.66,3,0
4016,16362.0,2011-11-07 13:01:00,32,4,104,2,1052.14,3,0
4018,16364.0,2011-11-28 11:27:00,11,5,53,3,707.04,3,0
4019,16365.0,2011-11-22 11:24:00,17,5,131,2,3317.6,5,0
4020,16366.0,2011-11-21 08:19:00,18,5,78,2,1548.1299999999999,4,0
4021,16367.0,2011-11-02 13:13:00,37,4,229,1,1362.4,4,0
4022,16368.0,2011-12-07 13:12:00,2,5,98,2,640.21,3,0
4023,16369.0,2011-11-21 16:25:00,18,5,170,2,2664.81,4,0
4026,16372.0,2011-11-06 13:08:00,33,4,334,1,1358.61,4,0
4030,16376.0,2011-12-01 11:38:00,8,5,128,2,996.5,3,0
4033,16379.0,2011-12-05 15:38:00,4,5,109,2,2182.9,4,0
4040,16386.0,2011-11-11 12:28:00,28,4,147,2,1102.59,3,0
4043,16389.0,2011-10-17 14:41:00,53,4,35,4,1401.87,4,0
4047,16393.0,2011-12-07 12:51:00,2,5,814,1,5666.82,5,0
4048,16394.0,2011-10-20 19:16:00,50,4,100,2,1698.62,4,0
4053,16399.0,2011-11-20 16:12:00,19,4,113,2,641.82,3,0
4055,16401.0,2011-12-08 18:15:00,1,5,387,1,7069.3099999999995,5,0
4060,16406.0,2011-11-21 11:57:00,18,5,162,2,571.38,2,0
4061,16407.0,2011-11-27 11:05:00,12,5,232,1,2821.65,4,0
4065,16411.0,2011-11-20 13:23:00,19,4,207,1,910.1899999999999,3,0
4066,16412.0,2011-10-17 12:35:00,53,4,136,2,647.23,3,0
4069,16415.0,2011-10-26 13:35:00,44,4,162,2,719.44,3,0
4070,16416.0,2011-11-13 12:50:00,26,4,189,1,2997.29,4,0
4072,16418.0,2011-10-26 12:39:00,44,4,169,2,1101.94,3,0
4076,16422.0,2011-11-22 14:00:00,17,5,761,1,66192.4,5,0
4080,16426.0,2011-12-07 14:01:00,2,5,372,1,1908.25,4,0
4088,16434.0,2011-11-10 14:28:00,29,4,188,1,2756.44,4,0
4092,16438.0,2011-12-04 10:51:00,5,5,132,2,798.35,3,0
4094,16440.0,2011-12-02 12:02:00,7,5,307,1,3856.9700000000003,5,0
4096,16442.0,2011-12-08 11:43:00,1,5,250,1,899.47,3,0
4099,16445.0,2011-11-06 12:32:00,33,4,192,1,602.73,2,0
4100,16446.0,2011-12-09 09:27:00,0,5,5,5,336951.1,5,0
4112,16458.0,2011-12-07 09:34:00,2,5,383,1,5715.34,5,0
4114,16460.0,2011-11-11 13:46:00,28,4,135,2,814.72,3,0
4117,16463.0,2011-11-18 14:01:00,21,4,85,2,1461.1,4,0
4118,16464.0,2011-11-20 12:11:00,19,4,236,1,1314.68,4,0
4123,16469.0,2011-11-16 12:25:00,23,4,205,1,828.91,3,0
4124,16470.0,2011-10-19 12:11:00,51,4,484,1,2463.55,4,0
4128,16474.0,2011-12-02 13:02:00,7,5,368,1,1931.53,4,0
4145,16491.0,2011-10-24 10:18:00,46,4,88,2,1542.01,4,0
4149,16495.0,2011-12-06 13:20:00,3,5,97,2,684.41,3,0
4150,16496.0,2011-12-01 10:31:00,8,5,140,2,2368.07,4,0
4154,16500.0,2011-12-05 12:04:00,4,5,35,4,851.86,3,0
4158,16504.0,2011-11-14 15:18:00,25,4,86,2,484.38,2,0
4165,16511.0,2011-11-18 10:41:00,21,4,320,1,1819.02,4,0
4167,16513.0,2011-12-05 10:18:00,4,5,35,4,874.59,3,0
4177,16523.0,2011-12-08 09:06:00,1,5,384,1,12072.12,5,0
4179,16525.0,2011-12-07 15:07:00,2,5,385,1,25814.54,5,0
4185,16531.0,2011-11-17 16:29:00,22,4,140,2,2333.08,4,0
4186,16532.0,2011-11-22 11:08:00,17,5,6,5,8756.64,5,0
4187,16533.0,2011-11-20 13:08:00,19,4,181,1,1164.18,3,0
4189,16535.0,2011-12-04 15:18:00,5,5,76,3,1001.59,3,0
4193,16539.0,2011-12-07 08:41:00,2,5,152,2,3732.01,5,0
4203,16549.0,2011-11-29 15:06:00,10,5,3255,1,13204.74,5,0
4208,16554.0,2011-12-06 14:52:00,3,5,214,1,3276.27,5,0
4209,16555.0,2011-11-04 14:31:00,35,4,115,2,3545.4700000000003,5,0
4212,16558.0,2011-12-09 10:20:00,0,5,804,1,14028.06,5,0
4217,16563.0,2011-10-17 11:51:00,53,4,91,2,4432.96,5,0
4223,16569.0,2011-12-06 15:32:00,3,5,35,4,1455.23,4,0
4224,16570.0,2011-12-01 08:56:00,8,5,261,1,8026.8,5,0
4225,16571.0,2011-12-06 14:07:00,3,5,284,1,4472.43,5,0
4246,16592.0,2011-12-05 13:49:00,4,5,446,1,7991.36,5,0
4247,16593.0,2011-10-20 12:41:00,50,4,80,2,1091.04,3,0
4254,16600.0,2011-12-05 16:00:00,4,5,151,2,2213.26,4,0
4255,16601.0,2011-10-30 11:09:00,40,4,72,3,684.25,3,0
4256,16602.0,2011-11-08 16:18:00,31,4,47,3,815.03,3,0
4261,16607.0,2011-11-22 10:24:00,17,5,302,1,6038.56,5,0
4263,16609.0,2011-11-24 13:32:00,15,5,280,1,5535.96,5,0
4266,16612.0,2011-11-07 07:38:00,32,4,168,2,3247.38,5,0
4272,16618.0,2011-11-08 13:52:00,31,4,97,2,2664.54,4,0
4274,16620.0,2011-12-06 12:19:00,3,5,94,2,1758.93,4,0
4280,16626.0,2011-12-09 11:56:00,0,5,184,1,4446.55,5,0
4282,16628.0,2011-11-10 12:45:00,29,4,127,2,2323.11,4,0
4287,16633.0,2011-11-22 13:41:00,17,5,153,2,2888.05,4,0
4291,16637.0,2011-11-07 13:17:00,32,4,72,3,1184.35,3,0
4292,16638.0,2011-11-17 11:09:00,22,4,141,2,2434.78,4,0
4293,16639.0,2011-11-14 13:47:00,25,4,83,2,1836.1100000000001,4,0
4296,16642.0,2011-12-05 11:31:00,4,5,57,3,1103.44,3,0
4302,16648.0,2011-11-01 09:52:00,38,4,39,3,692.6,3,0
4307,16653.0,2011-11-23 14:51:00,16,5,76,3,1258.4,3,0
4309,16655.0,2011-11-22 11:25:00,17,5,611,1,6583.47,5,0
4310,16656.0,2011-11-17 14:43:00,22,4,157,2,17358.62,5,0
4311,16657.0,2011-11-30 11:48:00,9,5,208,1,933.62,3,0
4314,16660.0,2011-11-23 14:53:00,16,5,25,4,2336.75,4,0
4322,16668.0,2011-11-24 17:43:00,15,5,53,3,862.42,3,0
4323,16669.0,2011-11-16 12:26:00,23,4,162,2,2523.6,4,0
4324,16670.0,2011-11-23 09:34:00,16,5,506,1,8273.64,5,0
4326,16672.0,2011-12-07 16:29:00,2,5,117,2,8176.29,5,0
4328,16674.0,2011-10-16 11:31:00,54,4,98,2,319.61,2,0
4330,16676.0,2011-11-06 12:01:00,33,4,136,2,2395.3,4,0
4332,16678.0,2011-12-07 12:17:00,2,5,170,2,3206.15,5,0
4336,16682.0,2011-12-05 12:13:00,4,5,30,4,1028.0,3,0
4338,16684.0,2011-12-05 14:06:00,4,5,749,1,152783.29,5,0
4342,16688.0,2011-12-08 15:24:00,1,5,62,3,1260.86,3,0
4354,16700.0,2011-12-01 11:00:00,8,5,535,1,9251.36,5,0
4355,16701.0,2011-12-01 11:10:00,8,5,289,1,10218.87,5,0
4359,16705.0,2011-12-09 12:08:00,0,5,722,1,44376.961,5,0
4360,16706.0,2011-11-02 13:50:00,37,4,123,2,531.35,2,0
4365,16711.0,2011-12-06 16:32:00,3,5,35,4,2985.48,4,0
4366,16712.0,2011-11-30 13:48:00,9,5,530,1,4266.99,5,0
4367,16713.0,2011-11-21 12:36:00,18,5,1352,1,14740.84,5,0
4371,16717.0,2011-11-30 17:42:00,9,5,408,1,7662.5,5,0
4373,16719.0,2011-11-25 09:27:00,14,5,450,1,4118.05,5,0
4374,16720.0,2011-11-13 16:22:00,26,4,161,2,997.53,3,0
4376,16722.0,2011-11-22 13:28:00,17,5,423,1,9010.33,5,0
4380,16726.0,2011-11-13 14:53:00,26,4,270,1,2088.41,4,0
4382,16728.0,2011-10-24 14:36:00,46,4,269,1,1054.67,3,0
4384,16730.0,2011-10-18 14:11:00,52,4,84,2,783.43,3,0
4388,16734.0,2011-10-18 13:44:00,52,4,53,3,650.51,3,0
4396,16742.0,2011-10-24 12:02:00,46,4,112,2,3317.5099999999998,5,0
4398,16744.0,2011-11-28 13:06:00,11,5,242,1,1304.76,4,0
4400,16746.0,2011-12-05 12:33:00,4,5,997,1,18100.95,5,0
4401,16747.0,2011-11-14 13:37:00,25,4,45,3,845.16,3,0
4402,16748.0,2011-11-22 10:17:00,17,5,166,2,3642.37,5,0
4404,16750.0,2011-10-26 12:48:00,44,4,95,2,623.93,3,0
4405,16751.0,2011-11-09 10:48:00,30,4,25,4,1764.72,4,0
4413,16759.0,2011-12-02 12:42:00,7,5,43,3,806.74,3,0
4416,16762.0,2011-11-20 11:43:00,19,4,89,2,1501.38,4,0
4418,16764.0,2011-12-06 11:41:00,3,5,718,1,2840.25,4,0
4422,16768.0,2011-10-23 10:38:00,47,4,175,2,1769.17,4,0
4424,16770.0,2011-10-13 12:21:00,57,4,357,1,1964.23,4,0
4429,16775.0,2011-11-29 15:22:00,10,5,279,1,3138.49,5,0
4433,16779.0,2011-12-07 14:54:00,2,5,1089,1,33554.87,5,0
4436,16782.0,2011-11-29 13:20:00,10,5,1900,1,10527.86,5,0
4438,16784.0,2011-11-20 12:20:00,19,4,160,2,896.53,3,0
4444,16790.0,2011-12-06 11:53:00,3,5,95,2,1571.1200000000001,4,0
4448,16794.0,2011-12-08 17:54:00,1,5,520,1,2112.11,4,0
4454,16800.0,2011-11-28 14:06:00,11,5,164,2,1201.49,3,0
4463,16809.0,2011-11-16 15:45:00,23,4,260,1,1729.38,4,0
4467,16813.0,2011-12-01 14:03:00,8,5,449,1,1692.98,4,0
4468,16814.0,2011-11-25 13:27:00,14,5,805,1,12508.210000000001,5,0
4471,16817.0,2011-12-07 11:03:00,2,5,166,2,3015.25,4,0
4472,16818.0,2011-11-29 10:41:00,10,5,191,1,3381.17,5,0
4478,16824.0,2011-11-24 12:38:00,15,5,39,3,686.24,3,0
4479,16825.0,2011-11-01 11:51:00,38,4,64,3,1826.89,4,0
4484,16830.0,2011-11-01 11:35:00,38,4,78,2,1231.3,3,0
4487,16833.0,2011-12-08 14:39:00,1,5,92,2,2409.04,4,0
4490,16836.0,2011-10-31 10:05:00,39,4,42,3,782.37,3,0
4491,16837.0,2011-11-08 14:27:00,31,4,166,2,3174.23,5,0
4493,16839.0,2011-12-01 09:03:00,8,5,390,1,23652.71,5,0
4500,16846.0,2011-10-20 13:55:00,50,4,47,3,842.41,3,0
4502,16848.0,2011-10-18 08:42:00,52,4,85,2,1411.62,4,0
4517,16863.0,2011-11-10 15:23:00,29,4,58,3,1019.97,3,0
4523,16869.0,2011-11-17 12:02:00,22,4,129,2,845.22,3,0
4525,16871.0,2011-11-17 19:27:00,22,4,139,2,2863.19,4,0
4527,16873.0,2011-12-05 12:05:00,4,5,524,1,14687.75,5,0
4531,16877.0,2011-11-27 13:47:00,12,5,159,2,853.72,3,0
4534,16880.0,2011-11-09 11:33:00,30,4,187,1,1840.86,4,0
4538,16884.0,2011-11-02 11:52:00,37,4,75,3,1073.92,3,0
4539,16885.0,2011-11-24 13:40:00,15,5,142,2,710.74,3,0
4541,16887.0,2011-11-04 14:07:00,35,4,102,2,660.72,3,0
4545,16891.0,2011-12-08 11:15:00,1,5,516,1,2056.82,4,0
4546,16892.0,2011-12-08 13:18:00,1,5,141,2,790.8,3,0
4552,16898.0,2011-11-13 15:44:00,26,4,295,1,1145.07,3,0
4553,16899.0,2011-12-02 12:03:00,7,5,179,2,1721.02,4,0
4554,16900.0,2011-11-28 10:50:00,11,5,82,2,1586.53,4,0
4557,16903.0,2011-11-10 15:32:00,29,4,193,1,1094.58,3,0
4558,16904.0,2011-12-05 13:10:00,4,5,982,1,5132.37,5,0
4559,16905.0,2011-12-04 14:01:00,5,5,345,1,5063.8,5,0
4561,16907.0,2011-11-10 18:04:00,29,4,255,1,1707.9,4,0
4564,16910.0,2011-12-05 12:51:00,4,5,547,1,1510.06,4,0
4566,16912.0,2011-11-16 15:51:00,23,4,177,2,4527.02,5,0
4569,16915.0,2011-11-30 16:39:00,9,5,74,3,1543.18,4,0
4570,16916.0,2011-11-16 12:08:00,23,4,264,1,1123.4,3,0
4577,16923.0,2011-11-27 13:00:00,12,5,1158,1,13963.34,5,0
4578,16924.0,2011-11-18 12:53:00,21,4,89,2,954.0,3,0
4583,16929.0,2011-12-06 08:37:00,3,5,77,3,1295.39,4,0
4585,16931.0,2011-12-04 13:15:00,5,5,1001,1,5233.62,5,0
4586,16932.0,2011-10-17 14:12:00,53,4,144,2,440.71,2,0
4587,16933.0,2011-12-08 12:54:00,1,5,307,1,3262.9,5,0
4588,16934.0,2011-10-16 12:40:00,54,4,146,2,2131.2400000000002,4,0
4590,16936.0,2011-11-14 11:04:00,25,4,141,2,551.17,2,0
4592,16938.0,2011-12-01 10:20:00,8,5,837,1,7876.43,5,0
4596,16942.0,2011-11-27 12:40:00,12,5,283,1,1947.07,4,0
4603,16949.0,2011-12-06 11:07:00,3,5,61,3,1411.27,4,0
4604,16950.0,2011-10-14 09:06:00,56,4,153,2,3843.55,5,0
4608,16954.0,2011-12-09 09:46:00,0,5,207,1,6126.43,5,0
4614,16960.0,2011-11-01 11:35:00,38,4,471,1,2064.88,4,0
4620,16966.0,2011-12-01 13:40:00,8,5,31,4,2161.47,4,0
4623,16969.0,2011-10-31 13:12:00,39,4,42,3,650.41,3,0
4625,16971.0,2011-12-07 09:15:00,2,5,42,3,482.21,2,0
4633,16979.0,2011-12-06 12:21:00,3,5,133,2,2932.39,4,0
4637,16983.0,2011-11-27 12:10:00,12,5,250,1,3721.27,5,0
4639,16985.0,2011-11-22 13:33:00,17,5,247,1,11300.56,5,0
4640,16986.0,2011-11-10 11:55:00,29,4,174,2,4888.75,5,0
4641,16987.0,2011-12-06 17:26:00,3,5,267,1,2547.8,4,0
4646,16992.0,2011-11-29 11:50:00,10,5,288,1,5492.9,5,0
4650,16996.0,2011-11-09 16:43:00,30,4,87,2,2203.06,4,0
4655,17001.0,2011-12-09 09:38:00,0,5,275,1,6640.8,5,0
4658,17004.0,2011-10-24 14:25:00,46,4,70,3,2425.16,4,0
4660,17006.0,2011-12-05 12:09:00,4,5,130,2,1636.32,4,0
4661,17007.0,2011-10-20 10:47:00,50,4,68,3,1132.6,3,0
4668,17014.0,2011-12-01 14:09:00,8,5,75,3,607.08,2,0
4669,17015.0,2011-11-11 10:45:00,28,4,217,1,1842.56,4,0
4671,17017.0,2011-12-07 09:32:00,2,5,449,1,20133.809999999998,5,0
4672,17018.0,2011-10-30 11:42:00,40,4,37,4,2287.7,4,0
4673,17019.0,2011-11-28 13:06:00,11,5,715,1,4072.9,5,0
4685,17031.0,2011-11-28 10:23:00,11,5,50,3,2773.85,4,0
4688,17034.0,2011-11-23 15:14:00,16,5,65,3,1328.52,4,0
4692,17038.0,2011-11-09 13:50:00,30,4,63,3,743.17,3,0
4695,17041.0,2011-11-13 11:21:00,26,4,130,2,1702.08,4,0
4696,17042.0,2011-12-07 12:26:00,2,5,98,2,1044.3799999999999,3,0
4697,17043.0,2011-11-07 15:33:00,32,4,205,1,2616.55,4,0
4698,17044.0,2011-12-01 08:54:00,8,5,159,2,12057.0,5,0
4703,17049.0,2011-12-07 10:48:00,2,5,580,1,10301.18,5,0
4706,17052.0,2011-11-11 14:50:00,28,4,92,2,413.75,2,0
4708,17054.0,2011-11-11 12:56:00,28,4,84,2,1358.83,4,0
4717,17063.0,2011-12-01 08:46:00,8,5,217,1,3700.18,5,0
4718,17064.0,2011-10-12 10:18:00,58,4,62,3,859.35,3,0
4722,17068.0,2011-11-27 13:14:00,12,5,1027,1,9195.73,5,0
4725,17071.0,2011-12-01 09:06:00,8,5,223,1,3863.9500000000003,5,0
4727,17073.0,2011-11-22 11:47:00,17,5,174,2,1446.09,4,0
4729,17075.0,2011-11-22 11:58:00,17,5,203,1,2262.08,4,0
4730,17076.0,2011-11-03 17:53:00,36,4,50,3,1242.75,3,0
4735,17081.0,2011-11-14 12:56:00,25,4,214,1,964.39,3,0
4736,17082.0,2011-11-06 15:17:00,33,4,170,2,4732.03,5,0
4740,17086.0,2011-12-02 13:54:00,7,5,96,2,2050.08,4,0
4742,17088.0,2011-11-11 14:23:00,28,4,115,2,1991.01,4,0
4744,17090.0,2011-12-05 13:44:00,4,5,94,2,3243.02,5,0
4745,17091.0,2011-12-07 10:43:00,2,5,480,1,7844.7,5,0
4749,17095.0,2011-11-17 16:40:00,22,4,142,2,2831.91,4,0
4750,17096.0,2011-11-30 15:05:00,9,5,225,1,3827.53,5,0
4751,17097.0,2011-12-07 17:05:00,2,5,312,1,1356.95,4,0
4754,17100.0,2011-11-21 16:36:00,18,5,65,3,971.74,3,0
4755,17101.0,2011-11-29 13:57:00,10,5,73,3,2507.05,4,0
4763,17109.0,2011-11-10 16:59:00,29,4,144,2,1310.82,4,0
4768,17114.0,2011-12-04 12:17:00,5,5,135,2,870.02,3,0
4769,17115.0,2011-12-01 14:30:00,8,5,129,2,2906.69,4,0
4785,17131.0,2011-12-04 12:52:00,5,5,134,2,2463.17,4,0
4787,17133.0,2011-11-24 12:27:00,15,5,63,3,16272.570000000002,5,0
4789,17135.0,2011-11-23 16:48:00,16,5,161,2,1965.08,4,0
4793,17139.0,2011-11-24 10:12:00,15,5,819,1,19677.31,5,0
4798,17144.0,2011-12-08 17:57:00,1,5,48,3,984.57,3,0
4801,17147.0,2011-11-17 12:32:00,22,4,147,2,3330.75,5,0
4809,17155.0,2011-11-22 12:38:00,17,5,73,3,892.46,3,0
4811,17157.0,2011-12-02 09:10:00,7,5,143,2,5164.35,5,0
4812,17158.0,2011-11-07 15:15:00,32,4,115,2,1997.7,4,0
4813,17159.0,2011-11-18 10:52:00,21,4,131,2,2103.74,4,0
4816,17162.0,2011-11-11 11:34:00,28,4,105,2,1723.71,4,0
4818,17164.0,2011-11-07 09:14:00,32,4,145,2,2468.3,4,0
4823,17169.0,2011-10-20 19:15:00,50,4,85,2,1183.58,3,0
4827,17173.0,2011-12-04 14:40:00,5,5,87,2,3777.55,5,0
4829,17175.0,2011-10-26 15:31:00,44,4,64,3,1456.44,4,0
4834,17180.0,2011-10-14 15:46:00,56,4,414,1,2277.63,4,0
4837,17183.0,2011-12-02 10:07:00,7,5,76,3,3407.71,5,0
4842,17188.0,2011-11-28 13:53:00,11,5,182,1,4824.03,5,0
4844,17190.0,2011-10-12 11:33:00,58,4,196,1,1938.04,4,0
4847,17193.0,2011-11-04 12:47:00,35,4,48,3,2365.48,4,0
4852,17198.0,2011-11-16 10:39:00,23,4,173,2,1213.88,3,0
4855,17201.0,2011-10-17 11:55:00,53,4,187,1,1257.6399999999999,3,0
4872,17218.0,2011-12-05 13:52:00,4,5,525,1,4192.68,5,0
4875,17221.0,2011-12-02 13:35:00,7,5,126,2,978.52,3,0
4881,17227.0,2011-11-21 10:51:00,18,5,125,2,2022.03,4,0
4882,17228.0,2011-11-24 10:24:00,15,5,358,1,3177.24,5,0
4885,17231.0,2011-11-27 15:18:00,12,5,1252,1,7303.01,5,0
4889,17235.0,2011-11-14 15:51:00,25,4,99,2,1904.8799999999999,4,0
4890,17236.0,2011-11-27 12:00:00,12,5,158,2,1929.26,4,0
4891,17237.0,2011-11-28 15:02:00,11,5,80,2,1002.08,3,0
4892,17238.0,2011-12-07 11:35:00,2,5,1231,1,7783.1,5,0
4897,17243.0,2011-12-08 13:26:00,1,5,1155,1,21070.510000000002,5,0
4898,17244.0,2011-10-17 15:19:00,53,4,120,2,1826.04,4,0
4904,17250.0,2011-12-06 12:15:00,3,5,57,3,384.52,2,0
4908,17254.0,2011-12-05 12:46:00,4,5,148,2,470.73,2,0
4909,17255.0,2011-10-30 12:18:00,40,4,190,1,799.13,3,0
4916,17262.0,2011-10-18 12:56:00,52,4,21,4,2757.62,4,0
4920,17266.0,2011-12-07 14:12:00,2,5,127,2,517.73,2,0
4926,17272.0,2011-10-28 16:37:00,42,4,116,2,2152.73,4,0
4928,17274.0,2011-11-04 13:16:00,35,4,79,2,577.38,2,0
4940,17286.0,2011-11-18 12:47:00,21,4,93,2,395.48,2,0
4942,17288.0,2011-11-30 16:09:00,9,5,295,1,2499.98,4,0
4943,17289.0,2011-11-08 12:01:00,31,4,281,1,2088.89,4,0
4944,17290.0,2011-12-06 12:38:00,3,5,203,1,1501.44,4,0
4947,17293.0,2011-12-01 14:37:00,8,5,245,1,3774.23,5,0
4953,17299.0,2011-11-28 12:01:00,11,5,120,2,1016.08,3,0
4955,17301.0,2011-11-18 13:43:00,21,4,121,2,330.43,2,0
4956,17302.0,2011-11-25 09:36:00,14,5,81,2,1151.33,3,0
4960,17306.0,2011-11-29 12:14:00,10,5,75,3,9812.93,5,0
4967,17313.0,2011-11-22 09:23:00,17,5,28,4,2369.55,4,0
4969,17315.0,2011-12-09 11:58:00,0,5,774,1,9742.65,5,0
4975,17321.0,2011-12-01 13:41:00,8,5,295,1,1741.18,4,0
4977,17323.0,2011-11-24 17:29:00,15,5,340,1,1577.67,4,0
4978,17324.0,2011-11-22 10:34:00,17,5,153,2,2454.87,4,0
4983,17329.0,2011-11-25 14:24:00,14,5,105,2,1004.4300000000001,3,0
4992,17338.0,2011-11-22 14:23:00,17,5,1368,1,12248.57,5,0
4994,17340.0,2011-11-30 17:12:00,9,5,813,1,23398.0,5,0
4999,17345.0,2011-11-24 15:03:00,15,5,226,1,1724.98,4,0
5000,17346.0,2011-12-06 12:18:00,3,5,1012,1,5387.98,5,0
5002,17348.0,2011-11-25 11:25:00,14,5,461,1,2476.41,4,0
5004,17350.0,2011-12-01 15:47:00,8,5,147,2,1935.921,4,0
5005,17351.0,2011-11-03 18:45:00,36,4,69,3,1988.23,4,0
5008,17354.0,2011-10-20 10:34:00,50,4,104,2,3143.46,5,0
5014,17360.0,2011-11-22 13:11:00,17,5,241,1,1261.33,3,0
5015,17361.0,2011-10-21 15:43:00,49,4,58,3,880.64,3,0
5018,17364.0,2011-12-09 09:00:00,0,5,925,1,12456.29,5,0
5019,17365.0,2011-11-27 12:13:00,12,5,801,1,8244.13,5,0
5025,17371.0,2011-11-22 13:30:00,17,5,146,2,662.55,3,0
5027,17373.0,2011-10-30 15:28:00,40,4,91,2,1167.5,3,0
5033,17379.0,2011-11-28 13:56:00,11,5,83,2,404.66,2,0
5035,17381.0,2011-12-01 11:59:00,8,5,175,2,40005.55,5,0
5037,17383.0,2011-12-05 17:36:00,4,5,53,3,309.99,2,0
5040,17386.0,2011-12-02 11:28:00,7,5,38,4,2812.77,4,0
5041,17387.0,2011-11-20 11:00:00,19,4,78,2,784.11,3,0
5043,17389.0,2011-12-09 09:38:00,0,5,449,1,59862.33,5,0
5050,17396.0,2011-10-31 14:12:00,39,4,57,3,9084.6,5,0
5051,17397.0,2011-11-17 14:08:00,22,4,138,2,1233.18,3,0
5056,17402.0,2011-12-05 10:15:00,4,5,207,1,5145.28,5,0
5058,17404.0,2011-12-05 16:26:00,4,5,297,1,49555.42,5,0
5059,17405.0,2011-12-08 17:12:00,1,5,94,2,1095.6000000000001,3,0
5064,17410.0,2011-11-23 15:46:00,16,5,64,3,1214.72,3,0
5065,17411.0,2011-11-27 14:25:00,12,5,85,2,1564.23,4,0
5066,17412.0,2011-12-07 11:36:00,2,5,242,1,4450.06,5,0
5068,17414.0,2011-10-27 12:13:00,43,4,21,4,2249.52,4,0
5072,17418.0,2011-10-28 13:00:00,42,4,42,3,670.0600000000001,3,0
5073,17419.0,2011-11-28 13:47:00,11,5,320,1,6526.12,5,0
5074,17420.0,2011-10-20 14:52:00,50,4,59,3,1094.33,3,0
5076,17422.0,2011-11-23 13:27:00,16,5,233,1,3847.87,5,0
5077,17423.0,2011-10-25 16:49:00,45,4,45,3,1153.73,3,0
5079,17425.0,2011-11-20 15:30:00,19,4,43,3,759.17,3,0
5080,17426.0,2011-12-05 16:12:00,4,5,440,1,8549.17,5,0
5082,17428.0,2011-12-09 09:45:00,0,5,748,1,32401.46,5,0
5084,17430.0,2011-11-07 09:24:00,32,4,42,3,735.17,3,0
5086,17432.0,2011-11-21 17:33:00,18,5,277,1,1751.39,4,0
5088,17434.0,2011-12-07 13:16:00,2,5,138,2,2414.2200000000003,4,0
5103,17449.0,2011-12-07 16:56:00,2,5,600,1,4967.15,5,0
5104,17450.0,2011-12-01 13:29:00,8,5,448,1,260366.79,5,0
5105,17451.0,2011-12-08 15:02:00,1,5,107,2,1793.8500000000001,4,0
5112,17458.0,2011-11-24 13:01:00,15,5,86,2,529.58,2,0
5113,17459.0,2011-10-27 13:25:00,43,4,111,2,657.3,3,0
5115,17461.0,2011-11-17 10:21:00,22,4,111,2,757.46,3,0
5117,17463.0,2011-11-23 13:40:00,16,5,329,1,2577.91,4,0
5120,17466.0,2011-11-29 13:15:00,10,5,41,3,763.28,3,0
5123,17469.0,2011-11-23 13:15:00,16,5,277,1,5144.16,5,0
5124,17470.0,2011-10-26 12:42:00,44,4,166,2,2804.87,4,0
5135,17481.0,2011-12-06 12:28:00,3,5,83,2,1261.84,3,0
5144,17490.0,2011-12-09 09:08:00,0,5,126,2,2915.94,4,0
5145,17491.0,2011-12-08 16:18:00,1,5,183,1,5998.02,5,0
5149,17495.0,2011-12-02 12:08:00,7,5,53,3,854.37,3,0
5156,17502.0,2011-11-30 13:13:00,9,5,28,4,689.1,3,0
5165,17511.0,2011-12-07 10:12:00,2,5,2134,1,179321.12,5,0
5169,17515.0,2011-11-08 14:04:00,31,4,180,2,1617.46,4,0
5170,17516.0,2011-11-24 16:51:00,15,5,196,1,957.55,3,0
5173,17519.0,2011-11-22 16:43:00,17,5,224,1,5116.14,5,0
5175,17521.0,2011-11-15 14:00:00,24,4,79,2,1279.31,4,0
5176,17522.0,2011-12-08 12:31:00,1,5,73,3,1070.71,3,0
5177,17523.0,2011-11-28 13:20:00,11,5,33,4,652.74,3,0
5180,17526.0,2011-12-08 18:56:00,1,5,101,2,4655.24,5,0
5181,17527.0,2011-10-17 12:32:00,53,4,49,3,989.88,3,0
5182,17528.0,2011-12-08 13:27:00,1,5,260,1,3716.9,5,0
5184,17530.0,2011-12-08 18:42:00,1,5,559,1,3142.46,5,0
5188,17534.0,2011-10-17 12:47:00,53,4,92,2,1668.83,4,0
5191,17537.0,2011-11-10 10:56:00,29,4,75,3,897.62,3,0
5194,17540.0,2011-12-01 09:00:00,8,5,65,3,1599.1000000000001,4,0
5199,17545.0,2011-10-27 14:04:00,43,4,278,1,1448.54,4,0
5206,17552.0,2011-10-28 12:14:00,42,4,162,2,3131.38,5,0
5208,17554.0,2011-12-08 14:15:00,1,5,88,2,1952.45,4,0
5209,17555.0,2011-11-20 12:22:00,19,4,272,1,1057.74,3,0
5215,17561.0,2011-11-20 12:53:00,19,4,203,1,722.34,3,0
5216,17562.0,2011-11-25 14:21:00,14,5,64,3,1137.38,3,0
5220,17566.0,2011-12-01 19:54:00,8,5,152,2,901.21,3,0
5221,17567.0,2011-12-02 15:48:00,7,5,235,1,5674.95,5,0
5225,17571.0,2011-10-20 15:57:00,50,4,353,1,1703.75,4,0
5230,17576.0,2011-12-01 18:12:00,8,5,935,1,9227.96,5,0
5233,17579.0,2011-12-05 12:28:00,4,5,96,2,761.98,3,0
5235,17581.0,2011-12-09 12:21:00,0,5,881,1,19268.03,5,0
5238,17584.0,2011-12-02 17:12:00,7,5,125,2,5324.42,5,0
5244,17590.0,2011-12-07 12:55:00,2,5,201,1,1479.22,4,0
5247,17593.0,2011-12-06 10:30:00,3,5,419,1,8147.6,5,0
5249,17595.0,2011-11-27 16:08:00,12,5,83,2,388.79,2,0
5256,17602.0,2011-12-07 13:53:00,2,5,937,1,7564.83,5,0
5257,17603.0,2011-10-20 19:19:00,50,4,116,2,3466.95,5,0
5262,17608.0,2011-11-06 13:06:00,33,4,169,2,498.53,2,0
5263,17609.0,2011-10-30 12:28:00,40,4,392,1,2029.69,4,0
5265,17611.0,2011-12-06 09:46:00,3,5,1133,1,8538.58,5,0
5268,17614.0,2011-10-13 16:01:00,57,4,100,2,390.07,2,0
5272,17618.0,2011-12-04 11:50:00,5,5,380,1,4098.54,5,0
5275,17621.0,2011-11-18 17:11:00,21,4,68,3,3320.92,5,0
5277,17623.0,2011-11-07 11:32:00,32,4,196,1,2383.67,4,0
5278,17624.0,2011-11-25 10:52:00,14,5,97,2,1568.63,4,0
5279,17625.0,2011-11-21 13:36:00,18,5,703,1,6067.8,5,0
5283,17629.0,2011-12-04 10:56:00,5,5,157,2,2485.52,4,0
5285,17631.0,2011-12-08 09:47:00,1,5,69,3,998.49,3,0
5287,17633.0,2011-11-08 13:25:00,31,4,103,2,2139.89,4,0
5288,17634.0,2011-11-03 13:09:00,36,4,297,1,2361.9700000000003,4,0
5298,17644.0,2011-12-08 13:43:00,1,5,344,1,6192.66,5,0
5305,17651.0,2011-11-28 10:29:00,11,5,341,1,5774.45,5,0
5307,17653.0,2011-11-10 14:26:00,29,4,50,3,1239.24,3,0
5309,17655.0,2011-11-29 11:34:00,10,5,122,2,3719.6800000000003,5,0
5312,17658.0,2011-11-29 11:47:00,10,5,23,4,704.96,3,0
5313,17659.0,2011-12-06 09:29:00,3,5,208,1,3885.45,5,0
5318,17664.0,2011-11-21 11:29:00,18,5,80,2,1166.23,3,0
5320,17666.0,2011-12-06 09:06:00,3,5,44,3,2047.8,4,0
5323,17669.0,2011-10-28 08:53:00,42,4,144,2,6142.35,5,0
5325,17671.0,2011-11-24 12:21:00,15,5,100,2,2691.97,4,0
5327,17673.0,2011-12-08 13:06:00,1,5,522,1,4250.83,5,0
5329,17675.0,2011-12-08 18:03:00,1,5,1164,1,38913.36,5,0
5330,17676.0,2011-12-05 15:16:00,4,5,169,2,2809.16,4,0
5331,17677.0,2011-12-08 09:56:00,1,5,761,1,37519.19,5,0
5333,17679.0,2011-10-18 07:43:00,52,4,105,2,3988.66,5,0
5336,17682.0,2011-11-29 15:59:00,10,5,239,1,4471.78,5,0
5339,17685.0,2011-11-23 11:36:00,16,5,215,1,5958.17,5,0
5340,17686.0,2011-12-02 15:39:00,7,5,429,1,8296.81,5,0
5354,17700.0,2011-11-23 11:51:00,16,5,368,1,6729.07,5,0
5356,17702.0,2011-11-09 16:03:00,30,4,168,2,3376.29,5,0
5357,17703.0,2011-11-04 15:51:00,35,4,78,2,1094.84,3,0
5359,17705.0,2011-12-06 13:45:00,3,5,125,2,2126.3,4,0
5360,17706.0,2011-12-05 13:34:00,4,5,802,1,21956.06,5,0
5374,17720.0,2011-11-13 15:04:00,26,4,136,2,2822.7599999999998,4,0
5378,17724.0,2011-10-13 10:53:00,57,4,45,3,1070.3500000000001,3,0
5379,17725.0,2011-11-23 16:34:00,16,5,198,1,3507.0299999999997,5,0
5381,17727.0,2011-11-30 15:21:00,9,5,67,3,1077.95,3,0
5382,17728.0,2011-12-06 08:52:00,3,5,251,1,4616.39,5,0
5384,17730.0,2011-12-06 15:43:00,3,5,317,1,7790.25,5,0
5388,17734.0,2011-10-17 12:33:00,53,4,86,2,1442.32,4,0
5389,17735.0,2011-12-07 16:47:00,2,5,901,1,17327.28,5,0
5393,17739.0,2011-11-28 09:12:00,11,5,152,2,7743.04,5,0
5398,17744.0,2011-12-06 12:11:00,3,5,152,2,2680.46,4,0
5404,17750.0,2011-12-04 14:09:00,5,5,193,1,1797.57,4,0
5408,17754.0,2011-12-09 11:20:00,0,5,232,1,4645.67,5,0
5411,17757.0,2011-12-08 15:31:00,1,5,1315,1,9502.06,5,0
5413,17759.0,2011-11-22 16:02:00,17,5,138,2,1276.91,4,0
5414,17760.0,2011-11-18 10:56:00,21,4,77,3,926.18,3,0
5418,17764.0,2011-10-20 11:03:00,50,4,159,2,1623.64,4,0
5421,17767.0,2011-11-24 14:42:00,15,5,39,3,413.05,2,0
5422,17768.0,2011-12-01 13:22:00,8,5,191,1,3514.46,5,0
5423,17769.0,2011-11-27 11:18:00,12,5,603,1,7211.5,5,0
5426,17772.0,2011-11-29 11:05:00,10,5,105,2,384.77,2,0
5431,17777.0,2011-11-15 12:02:00,24,4,194,1,665.86,3,0
5433,17779.0,2011-11-18 14:15:00,21,4,84,2,674.97,3,0
5444,17790.0,2011-11-13 11:30:00,26,4,304,1,2783.61,4,0
5450,17796.0,2011-10-30 15:38:00,40,4,225,1,1361.99,4,0
5451,17797.0,2011-11-17 13:21:00,22,4,275,1,1985.87,4,0
5454,17800.0,2011-11-02 12:57:00,37,4,104,2,1199.01,3,0
5460,17806.0,2011-11-28 14:12:00,11,5,43,3,546.04,2,0
5463,17809.0,2011-11-23 13:00:00,16,5,117,2,12175.93,5,0
5465,17811.0,2011-12-05 13:46:00,4,5,1204,1,9771.07,5,0
5466,17812.0,2011-11-27 11:47:00,12,5,233,1,1165.8899999999999,3,0
5467,17813.0,2011-11-25 16:13:00,14,5,378,1,1827.16,4,0
5471,17817.0,2011-12-05 14:39:00,4,5,140,2,814.55,3,0
5481,17827.0,2011-12-04 15:00:00,5,5,289,1,2394.8,4,0
5482,17828.0,2011-12-01 09:34:00,8,5,82,2,2040.21,4,0
5489,17835.0,2011-12-07 11:48:00,2,5,61,3,350.64,2,0
5491,17837.0,2011-10-28 16:15:00,42,4,172,2,1626.23,4,0
5495,17841.0,2011-12-08 12:07:00,1,5,13097,1,72251.95,5,0
5506,17852.0,2011-11-28 12:36:00,11,5,110,2,663.21,3,0
5510,17856.0,2011-12-08 09:40:00,1,5,17,4,1442.27,4,0
5511,17857.0,2011-12-06 13:41:00,3,5,62,3,28797.94,5,0
5512,17858.0,2011-12-04 11:56:00,5,5,397,1,12872.0,5,0
5515,17861.0,2011-12-06 16:21:00,3,5,573,1,5190.79,5,0
5518,17864.0,2011-11-27 11:15:00,12,5,145,2,924.32,3,0
5521,17867.0,2011-11-09 14:15:00,30,4,163,2,2346.78,4,0
5524,17870.0,2011-12-07 15:07:00,2,5,283,1,3113.1,5,0
5532,17878.0,2011-10-27 11:24:00,43,4,85,2,1412.33,4,0
5537,17883.0,2011-12-06 17:49:00,3,5,177,2,1011.75,3,0
5538,17884.0,2011-12-06 11:33:00,3,5,489,1,3116.89,5,0
5540,17886.0,2011-11-08 10:09:00,31,4,176,2,1618.33,4,0
5542,17888.0,2011-11-21 10:18:00,18,5,206,1,2321.98,4,0
5565,17911.0,2011-11-30 14:52:00,9,5,39,3,366.23,2,0
5568,17914.0,2011-12-06 11:58:00,3,5,80,2,336.43,2,0
5571,17917.0,2011-10-25 13:20:00,45,4,94,2,341.28,2,0
5574,17920.0,2011-12-05 14:29:00,4,5,1806,1,24523.010000000002,5,0
5578,17924.0,2011-12-08 19:28:00,1,5,44,3,3628.1200000000003,5,0
5583,17929.0,2011-11-28 16:01:00,11,5,16,5,3090.6,5,0
5584,17930.0,2011-11-04 10:23:00,35,4,90,2,4307.52,5,0
5586,17932.0,2011-11-10 19:49:00,29,4,90,2,1331.57,4,0
5588,17934.0,2011-10-19 11:16:00,51,4,41,3,1049.15,3,0
5590,17936.0,2011-12-04 13:32:00,5,5,77,3,389.84,2,0
5591,17937.0,2011-12-01 11:45:00,8,5,43,3,4301.22,5,0
5594,17940.0,2011-10-21 13:27:00,49,4,42,3,33826.36,5,0
5603,17949.0,2011-12-08 18:46:00,1,5,183,1,138360.57,5,0
5605,17951.0,2011-10-31 12:30:00,39,4,34,4,1653.7800000000002,4,0
5608,17954.0,2011-12-04 14:15:00,5,5,785,1,4100.54,5,0
5615,17961.0,2011-11-18 16:55:00,21,4,662,1,3011.99,4,0
5618,17964.0,2011-11-08 10:44:00,31,4,139,2,733.46,3,0
5620,17966.0,2011-11-02 10:26:00,37,4,114,2,1974.42,4,0
5628,17974.0,2011-11-15 11:37:00,24,4,403,1,1858.06,4,0
5629,17975.0,2011-11-24 13:27:00,15,5,481,1,7129.9800000000005,5,0
5631,17977.0,2011-11-10 13:28:00,29,4,110,2,1623.53,4,0
5633,17979.0,2011-11-04 12:05:00,35,4,147,2,777.61,3,0
5642,17988.0,2011-11-28 11:00:00,11,5,124,2,499.49,2,0
5653,17999.0,2011-11-02 15:56:00,37,4,176,2,730.9,3,0
5655,18001.0,2011-11-27 16:02:00,12,5,140,2,953.84,3,0
5660,18006.0,2011-11-16 16:52:00,23,4,65,3,997.86,3,0
5670,18016.0,2011-11-07 13:25:00,32,4,170,2,1960.46,4,0
5676,18022.0,2011-11-04 12:45:00,35,4,496,1,1651.79,4,0
5688,18034.0,2011-11-18 12:22:00,21,4,225,1,793.7,3,0
5689,18035.0,2011-11-04 12:39:00,35,4,61,3,1276.74,4,0
5690,18036.0,2011-11-07 14:40:00,32,4,332,1,1563.6399999999999,4,0
5695,18041.0,2011-11-28 11:39:00,11,5,963,1,8835.11,5,0
5697,18043.0,2011-11-15 12:48:00,24,4,187,1,875.97,3,0
5698,18044.0,2011-12-05 14:26:00,4,5,201,1,3508.56,5,0
5709,18055.0,2011-12-02 14:25:00,7,5,587,1,11227.62,5,0
5715,18061.0,2011-11-18 11:20:00,21,4,129,2,6497.47,5,0
5719,18065.0,2011-12-04 10:30:00,5,5,314,1,5896.38,5,0
5731,18077.0,2011-12-01 13:32:00,8,5,377,1,4338.56,5,0
5733,18079.0,2011-10-25 15:27:00,45,4,140,2,4242.75,5,0
5736,18082.0,2011-11-14 12:45:00,25,4,73,3,703.37,3,0
5738,18084.0,2011-11-23 13:57:00,16,5,11,5,1432.1299999999999,4,0
5746,18092.0,2011-12-07 13:14:00,2,5,152,2,16185.69,5,0
5750,18096.0,2011-11-28 12:44:00,11,5,438,1,1805.28,4,0
5751,18097.0,2011-12-02 11:16:00,7,5,161,2,4674.47,5,0
5755,18101.0,2011-11-28 13:37:00,11,5,112,2,629.16,3,0
5756,18102.0,2011-12-09 11:50:00,0,5,1068,1,619428.08,5,0
5763,18109.0,2011-12-08 11:36:00,1,5,686,1,10033.26,5,0
5764,18110.0,2011-11-20 12:59:00,19,4,87,2,465.68,2,0
5766,18112.0,2011-11-27 14:43:00,12,5,63,3,775.96,3,0
5772,18118.0,2011-11-29 11:32:00,10,5,1572,1,6796.37,5,0
5776,18122.0,2011-12-01 13:08:00,8,5,364,1,1826.21,4,0
5777,18123.0,2011-11-15 14:23:00,24,4,59,3,684.59,3,0
5779,18125.0,2011-11-10 12:29:00,29,4,197,1,1144.6399999999999,3,0
5784,18130.0,2011-12-01 08:41:00,8,5,71,3,1073.04,3,0
5789,18135.0,2011-11-10 19:32:00,29,4,40,3,1270.02,4,0
5793,18139.0,2011-11-22 16:18:00,17,5,162,2,8483.46,5,0
5798,18144.0,2011-12-02 12:46:00,7,5,87,2,5058.0,5,0
5799,18145.0,2011-11-27 11:22:00,12,5,406,1,5635.49,5,0
5803,18149.0,2011-10-20 12:04:00,50,4,96,2,1624.71,4,0
5808,18154.0,2011-12-06 16:41:00,3,5,47,3,932.6,3,0
5810,18156.0,2011-11-27 12:24:00,12,5,195,1,941.1700000000001,3,0
5814,18160.0,2011-10-13 15:50:00,57,4,65,3,1003.88,3,0
5815,18161.0,2011-11-29 15:38:00,10,5,94,2,1809.0,4,0
5821,18167.0,2011-12-06 09:49:00,3,5,43,3,1414.21,4,0
5824,18170.0,2011-11-06 14:35:00,33,4,126,2,2878.0,4,0
5825,18171.0,2011-10-12 09:13:00,58,4,94,2,2460.11,4,0
5826,18172.0,2011-11-25 11:12:00,14,5,492,1,17657.85,5,0
5831,18177.0,2011-11-08 14:44:00,31,4,101,2,2244.12,4,0
5833,18179.0,2011-11-30 16:23:00,9,5,109,2,2547.55,4,0
5834,18180.0,2011-12-05 08:39:00,4,5,119,2,1843.75,4,0
5835,18181.0,2011-11-15 15:08:00,24,4,184,1,1227.67,3,0
5842,18188.0,2011-11-24 16:46:00,15,5,135,2,3297.99,5,0
5852,18198.0,2011-12-05 14:49:00,4,5,166,2,5768.06,5,0
5864,18210.0,2011-12-08 11:02:00,1,5,144,2,2768.83,4,0
5871,18217.0,2011-11-10 13:18:00,29,4,44,3,987.28,3,0
5873,18219.0,2011-12-07 11:43:00,2,5,206,1,3618.39,5,0
5875,18221.0,2011-11-17 14:40:00,22,4,88,2,1479.54,4,0
5877,18223.0,2011-12-08 11:51:00,1,5,652,1,14504.12,5,0
5879,18225.0,2011-12-06 13:27:00,3,5,604,1,13457.61,5,0
5883,18229.0,2011-11-28 09:48:00,11,5,211,1,10803.710000000001,5,0
5884,18230.0,2011-11-30 13:22:00,9,5,144,2,4391.41,5,0
5890,18236.0,2011-11-10 08:06:00,29,4,98,2,1795.3500000000001,4,0
5891,18237.0,2011-12-07 12:49:00,2,5,61,3,987.1,3,0
5895,18241.0,2011-11-30 12:10:00,9,5,161,2,3019.89,4,0
5899,18245.0,2011-12-02 14:48:00,7,5,463,1,6413.7300000000005,5,0
5906,18252.0,2011-10-20 12:43:00,50,4,139,2,1618.59,4,0
5913,18259.0,2011-11-15 12:34:00,24,4,92,2,4318.200000000001,5,0
5917,18263.0,2011-11-16 16:19:00,23,4,62,3,1215.24,3,0
5926,18272.0,2011-12-07 12:43:00,2,5,232,1,4424.63,5,0
5930,18276.0,2011-11-18 17:01:00,21,4,99,2,1692.3700000000001,4,0
5931,18277.0,2011-10-12 15:22:00,58,4,68,3,1248.72,3,0
5937,18283.0,2011-12-06 12:02:00,3,5,986,1,2736.65,4,0
5941,18287.0,2011-10-28 09:29:00,42,4,156,2,4188.09,5,0
